"Aeroporto","Semana","Voos_como_Destino","Voos_como_Origem","Total_Voos"
"SBVT",1,177,189,366
"SBVT",2,183,198,381
"SBVT",3,189,198,387
"SBVT",4,191,192,383
"SBVT",5,184,189,373
"SBVT",6,186,190,376
"SBVT",7,181,187,368
"SBVT",8,168,166,334
"SBVT",9,186,185,371
"SBVT",10,178,187,365
"SBVT",11,175,184,359
"SBVT",12,85,94,179
"SBVT",13,34,27,61
"SBVT",14,17,15,32
"SBVT",15,12,15,27
"SBVT",16,11,15,26
"SBVT",17,16,18,34
"SBVT",18,12,15,27
"SBVT",19,16,16,32
"SBVT",20,14,13,27
"SBVT",21,21,18,39
"SBVT",22,19,19,38
"SBVT",23,27,30,57
"SBVT",24,28,31,59
"SBVT",25,33,40,73
"SBVT",26,38,43,81
"SBVT",27,39,42,81
"SBVT",28,42,44,86
"SBVT",29,47,50,97
"SBVT",30,44,45,89
"SBVT",31,46,53,99
"SBVT",32,56,57,113
"SBVT",33,61,60,121
"SBVT",34,66,68,134
"SBVT",35,63,69,132
"SBVT",36,72,89,161
"SBVT",37,77,96,173
"SBVT",38,85,89,174
"SBVT",39,84,84,168
"SBVT",40,84,81,165
"SBVT",41,78,81,159
"SBVT",42,89,91,180
"SBVT",43,85,83,168
"SBVT",44,88,90,178
"SBVT",45,107,99,206
"SBVT",46,112,107,219
"SBVT",47,104,105,209
"SBVT",48,115,114,229
"SBVT",49,121,124,245
"SBVT",50,120,123,243
"SBVT",51,126,127,253
"SBVT",52,115,115,230
"SBVT",53,34,36,70
"SBJV",1,32,21,53
"SBJV",2,37,26,63
"SBJV",3,37,30,67
"SBJV",4,37,36,73
"SBJV",5,32,32,64
"SBJV",6,25,27,52
"SBJV",7,30,32,62
"SBJV",8,27,26,53
"SBJV",9,30,30,60
"SBJV",10,32,34,66
"SBJV",11,27,29,56
"SBJV",12,11,13,24
"SBJV",13,1,1,2
"SBJV",14,0,0,0
"SBJV",15,0,0,0
"SBJV",16,0,0,0
"SBJV",17,0,0,0
"SBJV",18,0,0,0
"SBJV",19,0,0,0
"SBJV",20,0,0,0
"SBJV",21,0,0,0
"SBJV",22,0,0,0
"SBJV",23,0,0,0
"SBJV",24,0,0,0
"SBJV",25,0,0,0
"SBJV",26,0,0,0
"SBJV",27,2,2,4
"SBJV",28,3,3,6
"SBJV",29,2,2,4
"SBJV",30,2,2,4
"SBJV",31,3,3,6
"SBJV",32,6,6,12
"SBJV",33,5,5,10
"SBJV",34,10,11,21
"SBJV",35,8,8,16
"SBJV",36,12,9,21
"SBJV",37,12,11,23
"SBJV",38,12,11,23
"SBJV",39,12,10,22
"SBJV",40,11,13,24
"SBJV",41,12,13,25
"SBJV",42,14,17,31
"SBJV",43,14,16,30
"SBJV",44,12,15,27
"SBJV",45,13,18,31
"SBJV",46,12,20,32
"SBJV",47,13,16,29
"SBJV",48,13,18,31
"SBJV",49,16,12,28
"SBJV",50,13,14,27
"SBJV",51,14,11,25
"SBJV",52,15,11,26
"SBJV",53,5,3,8
"SBDO",1,13,19,32
"SBDO",2,14,20,34
"SBDO",3,13,19,32
"SBDO",4,16,22,38
"SBDO",5,15,20,35
"SBDO",6,11,17,28
"SBDO",7,13,19,32
"SBDO",8,13,19,32
"SBDO",9,13,20,33
"SBDO",10,18,25,43
"SBDO",11,16,23,39
"SBDO",12,8,11,19
"SBDO",13,0,0,0
"SBDO",14,0,0,0
"SBDO",15,0,0,0
"SBDO",16,0,0,0
"SBDO",17,0,0,0
"SBDO",18,0,0,0
"SBDO",19,0,0,0
"SBDO",20,0,0,0
"SBDO",21,0,0,0
"SBDO",22,0,0,0
"SBDO",23,0,0,0
"SBDO",24,0,0,0
"SBDO",25,0,0,0
"SBDO",26,0,0,0
"SBDO",27,0,0,0
"SBDO",28,0,0,0
"SBDO",29,0,0,0
"SBDO",30,0,0,0
"SBDO",31,2,2,4
"SBDO",32,5,5,10
"SBDO",33,5,5,10
"SBDO",34,5,5,10
"SBDO",35,5,5,10
"SBDO",36,5,5,10
"SBDO",37,4,4,8
"SBDO",38,4,4,8
"SBDO",39,3,3,6
"SBDO",40,5,6,11
"SBDO",41,5,5,10
"SBDO",42,5,6,11
"SBDO",43,5,5,10
"SBDO",44,4,4,8
"SBDO",45,8,8,16
"SBDO",46,8,8,16
"SBDO",47,9,9,18
"SBDO",48,10,10,20
"SBDO",49,11,11,22
"SBDO",50,10,10,20
"SBDO",51,11,11,22
"SBDO",52,10,10,20
"SBDO",53,2,2,4
"SBCR",1,4,4,8
"SBCR",2,5,5,10
"SBCR",3,5,5,10
"SBCR",4,5,5,10
"SBCR",5,5,5,10
"SBCR",6,5,5,10
"SBCR",7,5,5,10
"SBCR",8,4,4,8
"SBCR",9,5,5,10
"SBCR",10,5,5,10
"SBCR",11,5,5,10
"SBCR",12,2,2,4
"SBCR",13,0,0,0
"SBCR",14,0,0,0
"SBCR",15,0,0,0
"SBCR",16,0,0,0
"SBCR",17,0,0,0
"SBCR",18,0,0,0
"SBCR",19,0,0,0
"SBCR",20,0,0,0
"SBCR",21,0,0,0
"SBCR",22,0,0,0
"SBCR",23,0,0,0
"SBCR",24,0,0,0
"SBCR",25,0,0,0
"SBCR",26,0,0,0
"SBCR",27,0,0,0
"SBCR",28,0,0,0
"SBCR",29,0,0,0
"SBCR",30,0,0,0
"SBCR",31,0,0,0
"SBCR",32,0,0,0
"SBCR",33,0,0,0
"SBCR",34,0,0,0
"SBCR",35,0,0,0
"SBCR",36,0,0,0
"SBCR",37,0,0,0
"SBCR",38,0,0,0
"SBCR",39,0,0,0
"SBCR",40,0,0,0
"SBCR",41,0,0,0
"SBCR",42,0,0,0
"SBCR",43,0,0,0
"SBCR",44,1,0,1
"SBCR",45,0,1,1
"SBCR",46,0,0,0
"SBCR",47,0,1,1
"SBCR",48,0,0,0
"SBCR",49,0,0,0
"SBCR",50,1,1,2
"SBCR",51,3,3,6
"SBCR",52,2,2,4
"SBCR",53,1,1,2
"SBGM",1,0,0,0
"SBGM",2,0,0,0
"SBGM",3,0,0,0
"SBGM",4,0,0,0
"SBGM",5,0,0,0
"SBGM",6,0,0,0
"SBGM",7,0,0,0
"SBGM",8,0,0,0
"SBGM",9,0,0,0
"SBGM",10,0,0,0
"SBGM",11,0,0,0
"SBGM",12,0,0,0
"SBGM",13,0,0,0
"SBGM",14,0,0,0
"SBGM",15,0,0,0
"SBGM",16,0,0,0
"SBGM",17,0,0,0
"SBGM",18,0,0,0
"SBGM",19,0,0,0
"SBGM",20,0,0,0
"SBGM",21,0,0,0
"SBGM",22,0,0,0
"SBGM",23,0,0,0
"SBGM",24,0,0,0
"SBGM",25,0,0,0
"SBGM",26,0,0,0
"SBGM",27,0,0,0
"SBGM",28,0,0,0
"SBGM",29,0,0,0
"SBGM",30,0,0,0
"SBGM",31,0,0,0
"SBGM",32,0,0,0
"SBGM",33,0,0,0
"SBGM",34,0,0,0
"SBGM",35,0,0,0
"SBGM",36,0,0,0
"SBGM",37,0,0,0
"SBGM",38,0,0,0
"SBGM",39,0,0,0
"SBGM",40,0,0,0
"SBGM",41,0,0,0
"SBGM",42,0,0,0
"SBGM",43,0,0,0
"SBGM",44,0,0,0
"SBGM",45,0,0,0
"SBGM",46,0,0,0
"SBGM",47,0,0,0
"SBGM",48,0,0,0
"SBGM",49,0,0,0
"SBGM",50,0,0,0
"SBGM",51,0,0,0
"SBGM",52,0,0,0
"SBGM",53,0,0,0
"SBSN",1,24,22,46
"SBSN",2,28,24,52
"SBSN",3,29,27,56
"SBSN",4,30,25,55
"SBSN",5,30,26,56
"SBSN",6,30,24,54
"SBSN",7,27,23,50
"SBSN",8,21,17,38
"SBSN",9,30,25,55
"SBSN",10,27,22,49
"SBSN",11,30,24,54
"SBSN",12,18,13,31
"SBSN",13,3,3,6
"SBSN",14,1,1,2
"SBSN",15,1,1,2
"SBSN",16,0,0,0
"SBSN",17,1,1,2
"SBSN",18,3,3,6
"SBSN",19,4,4,8
"SBSN",20,6,7,13
"SBSN",21,9,11,20
"SBSN",22,8,12,20
"SBSN",23,8,11,19
"SBSN",24,7,11,18
"SBSN",25,10,14,24
"SBSN",26,9,11,20
"SBSN",27,17,21,38
"SBSN",28,15,19,34
"SBSN",29,15,19,34
"SBSN",30,16,20,36
"SBSN",31,15,17,32
"SBSN",32,19,20,39
"SBSN",33,22,22,44
"SBSN",34,22,23,45
"SBSN",35,20,21,41
"SBSN",36,25,24,49
"SBSN",37,26,26,52
"SBSN",38,31,31,62
"SBSN",39,28,27,55
"SBSN",40,24,22,46
"SBSN",41,31,26,57
"SBSN",42,34,29,63
"SBSN",43,28,23,51
"SBSN",44,30,24,54
"SBSN",45,28,25,53
"SBSN",46,21,17,38
"SBSN",47,20,17,37
"SBSN",48,22,17,39
"SBSN",49,32,28,60
"SBSN",50,32,28,60
"SBSN",51,37,32,69
"SBSN",52,31,31,62
"SBSN",53,8,8,16
"SBPF",1,31,30,61
"SBPF",2,37,37,74
"SBPF",3,37,34,71
"SBPF",4,38,38,76
"SBPF",5,37,35,72
"SBPF",6,36,33,69
"SBPF",7,25,31,56
"SBPF",8,21,19,40
"SBPF",9,30,29,59
"SBPF",10,32,31,63
"SBPF",11,28,27,55
"SBPF",12,14,14,28
"SBPF",13,1,1,2
"SBPF",14,0,0,0
"SBPF",15,0,0,0
"SBPF",16,0,0,0
"SBPF",17,0,0,0
"SBPF",18,0,0,0
"SBPF",19,0,0,0
"SBPF",20,0,0,0
"SBPF",21,0,0,0
"SBPF",22,0,0,0
"SBPF",23,0,0,0
"SBPF",24,0,0,0
"SBPF",25,0,0,0
"SBPF",26,0,0,0
"SBPF",27,2,2,4
"SBPF",28,1,1,2
"SBPF",29,2,2,4
"SBPF",30,2,2,4
"SBPF",31,2,2,4
"SBPF",32,2,2,4
"SBPF",33,2,2,4
"SBPF",34,2,2,4
"SBPF",35,2,2,4
"SBPF",36,3,3,6
"SBPF",37,3,3,6
"SBPF",38,3,3,6
"SBPF",39,3,3,6
"SBPF",40,2,1,3
"SBPF",41,3,0,3
"SBPF",42,5,0,5
"SBPF",43,4,0,4
"SBPF",44,3,0,3
"SBPF",45,4,0,4
"SBPF",46,3,0,3
"SBPF",47,3,0,3
"SBPF",48,2,0,2
"SBPF",49,6,0,6
"SBPF",50,2,0,2
"SBPF",51,2,0,2
"SBPF",52,5,0,5
"SBPF",53,0,0,0
"SBTE",1,36,42,78
"SBTE",2,41,48,89
"SBTE",3,38,46,84
"SBTE",4,42,49,91
"SBTE",5,42,51,93
"SBTE",6,30,44,74
"SBTE",7,33,46,79
"SBTE",8,27,40,67
"SBTE",9,34,48,82
"SBTE",10,34,47,81
"SBTE",11,34,46,80
"SBTE",12,24,38,62
"SBTE",13,3,5,8
"SBTE",14,0,0,0
"SBTE",15,0,0,0
"SBTE",16,0,0,0
"SBTE",17,0,0,0
"SBTE",18,1,1,2
"SBTE",19,5,5,10
"SBTE",20,7,7,14
"SBTE",21,8,8,16
"SBTE",22,9,9,18
"SBTE",23,9,9,18
"SBTE",24,9,9,18
"SBTE",25,15,14,29
"SBTE",26,16,16,32
"SBTE",27,24,24,48
"SBTE",28,21,22,43
"SBTE",29,33,33,66
"SBTE",30,29,29,58
"SBTE",31,29,28,57
"SBTE",32,29,29,58
"SBTE",33,31,30,61
"SBTE",34,33,32,65
"SBTE",35,33,33,66
"SBTE",36,37,36,73
"SBTE",37,38,38,76
"SBTE",38,37,37,74
"SBTE",39,36,36,72
"SBTE",40,38,38,76
"SBTE",41,34,34,68
"SBTE",42,37,37,74
"SBTE",43,36,36,72
"SBTE",44,33,35,68
"SBTE",45,36,38,74
"SBTE",46,37,36,73
"SBTE",47,36,39,75
"SBTE",48,37,36,73
"SBTE",49,42,39,81
"SBTE",50,44,40,84
"SBTE",51,51,46,97
"SBTE",52,49,46,95
"SBTE",53,15,13,28
"SBPB",1,2,1,3
"SBPB",2,1,1,2
"SBPB",3,1,1,2
"SBPB",4,1,1,2
"SBPB",5,1,1,2
"SBPB",6,1,1,2
"SBPB",7,1,1,2
"SBPB",8,1,1,2
"SBPB",9,1,1,2
"SBPB",10,1,1,2
"SBPB",11,1,1,2
"SBPB",12,1,1,2
"SBPB",13,0,0,0
"SBPB",14,0,0,0
"SBPB",15,0,0,0
"SBPB",16,0,0,0
"SBPB",17,0,0,0
"SBPB",18,0,0,0
"SBPB",19,0,0,0
"SBPB",20,0,0,0
"SBPB",21,0,0,0
"SBPB",22,0,0,0
"SBPB",23,0,0,0
"SBPB",24,0,0,0
"SBPB",25,0,0,0
"SBPB",26,0,0,0
"SBPB",27,0,0,0
"SBPB",28,0,0,0
"SBPB",29,0,0,0
"SBPB",30,0,0,0
"SBPB",31,0,0,0
"SBPB",32,0,0,0
"SBPB",33,0,0,0
"SBPB",34,0,0,0
"SBPB",35,0,0,0
"SBPB",36,0,0,0
"SBPB",37,0,0,0
"SBPB",38,0,0,0
"SBPB",39,0,0,0
"SBPB",40,0,0,0
"SBPB",41,0,0,0
"SBPB",42,0,0,0
"SBPB",43,0,0,0
"SBPB",44,0,0,0
"SBPB",45,0,0,0
"SBPB",46,0,0,0
"SBPB",47,0,0,0
"SBPB",48,0,0,0
"SBPB",49,0,0,0
"SBPB",50,0,0,0
"SBPB",51,1,1,2
"SBPB",52,2,2,4
"SBPB",53,1,1,2
"SBGW",1,0,0,0
"SBGW",2,0,0,0
"SBGW",3,0,0,0
"SBGW",4,0,0,0
"SBGW",5,0,0,0
"SBGW",6,0,0,0
"SBGW",7,0,0,0
"SBGW",8,0,0,0
"SBGW",9,0,0,0
"SBGW",10,0,0,0
"SBGW",11,0,0,0
"SBGW",12,0,0,0
"SBGW",13,0,0,0
"SBGW",14,0,0,0
"SBGW",15,0,0,0
"SBGW",16,0,0,0
"SBGW",17,0,0,0
"SBGW",18,0,0,0
"SBGW",19,0,0,0
"SBGW",20,0,0,0
"SBGW",21,0,0,0
"SBGW",22,0,0,0
"SBGW",23,0,0,0
"SBGW",24,0,0,0
"SBGW",25,0,0,0
"SBGW",26,0,0,0
"SBGW",27,0,0,0
"SBGW",28,0,0,0
"SBGW",29,0,0,0
"SBGW",30,0,0,0
"SBGW",31,0,0,0
"SBGW",32,0,0,0
"SBGW",33,0,0,0
"SBGW",34,0,0,0
"SBGW",35,0,0,0
"SBGW",36,0,0,0
"SBGW",37,0,0,0
"SBGW",38,0,0,0
"SBGW",39,0,0,0
"SBGW",40,0,0,0
"SBGW",41,0,0,0
"SBGW",42,0,0,0
"SBGW",43,0,0,0
"SBGW",44,0,0,0
"SBGW",45,0,0,0
"SBGW",46,0,0,0
"SBGW",47,0,0,0
"SBGW",48,0,0,0
"SBGW",49,0,0,0
"SBGW",50,0,0,0
"SBGW",51,0,0,0
"SBGW",52,0,0,0
"SBGW",53,0,0,0
"SBBW",1,3,3,6
"SBBW",2,4,4,8
"SBBW",3,4,4,8
"SBBW",4,4,4,8
"SBBW",5,4,4,8
"SBBW",6,4,4,8
"SBBW",7,3,3,6
"SBBW",8,3,3,6
"SBBW",9,4,4,8
"SBBW",10,4,4,8
"SBBW",11,4,4,8
"SBBW",12,0,0,0
"SBBW",13,0,0,0
"SBBW",14,0,0,0
"SBBW",15,0,0,0
"SBBW",16,0,0,0
"SBBW",17,0,0,0
"SBBW",18,0,0,0
"SBBW",19,0,0,0
"SBBW",20,0,0,0
"SBBW",21,0,0,0
"SBBW",22,0,0,0
"SBBW",23,0,0,0
"SBBW",24,0,0,0
"SBBW",25,0,0,0
"SBBW",26,0,0,0
"SBBW",27,0,0,0
"SBBW",28,0,0,0
"SBBW",29,0,0,0
"SBBW",30,0,0,0
"SBBW",31,0,0,0
"SBBW",32,0,0,0
"SBBW",33,0,0,0
"SBBW",34,0,0,0
"SBBW",35,0,0,0
"SBBW",36,0,0,0
"SBBW",37,0,0,0
"SBBW",38,0,0,0
"SBBW",39,0,0,0
"SBBW",40,0,0,0
"SBBW",41,0,0,0
"SBBW",42,0,0,0
"SBBW",43,0,0,0
"SBBW",44,1,1,2
"SBBW",45,7,7,14
"SBBW",46,7,7,14
"SBBW",47,7,7,14
"SBBW",48,7,7,14
"SBBW",49,7,7,14
"SBBW",50,7,7,14
"SBBW",51,7,7,14
"SBBW",52,3,3,6
"SBBW",53,1,1,2
"SBGV",1,5,5,10
"SBGV",2,6,6,12
"SBGV",3,6,6,12
"SBGV",4,6,6,12
"SBGV",5,5,5,10
"SBGV",6,7,7,14
"SBGV",7,7,7,14
"SBGV",8,8,8,16
"SBGV",9,7,7,14
"SBGV",10,7,7,14
"SBGV",11,7,7,14
"SBGV",12,4,4,8
"SBGV",13,0,0,0
"SBGV",14,0,0,0
"SBGV",15,0,0,0
"SBGV",16,0,0,0
"SBGV",17,0,0,0
"SBGV",18,0,0,0
"SBGV",19,0,0,0
"SBGV",20,0,0,0
"SBGV",21,0,0,0
"SBGV",22,0,0,0
"SBGV",23,0,0,0
"SBGV",24,0,0,0
"SBGV",25,0,0,0
"SBGV",26,0,0,0
"SBGV",27,0,0,0
"SBGV",28,0,0,0
"SBGV",29,0,0,0
"SBGV",30,0,0,0
"SBGV",31,2,2,4
"SBGV",32,5,5,10
"SBGV",33,5,5,10
"SBGV",34,5,5,10
"SBGV",35,5,5,10
"SBGV",36,5,5,10
"SBGV",37,5,5,10
"SBGV",38,5,5,10
"SBGV",39,5,5,10
"SBGV",40,6,6,12
"SBGV",41,7,7,14
"SBGV",42,8,8,16
"SBGV",43,8,8,16
"SBGV",44,8,8,16
"SBGV",45,9,9,18
"SBGV",46,10,10,20
"SBGV",47,10,10,20
"SBGV",48,11,11,22
"SBGV",49,16,16,32
"SBGV",50,16,16,32
"SBGV",51,12,11,23
"SBGV",52,8,8,16
"SBGV",53,2,2,4
"SBGL",1,576,581,1157
"SBGL",2,612,589,1201
"SBGL",3,608,589,1197
"SBGL",4,588,568,1156
"SBGL",5,581,571,1152
"SBGL",6,568,568,1136
"SBGL",7,572,581,1153
"SBGL",8,516,508,1024
"SBGL",9,564,554,1118
"SBGL",10,523,501,1024
"SBGL",11,509,481,990
"SBGL",12,313,309,622
"SBGL",13,60,52,112
"SBGL",14,12,14,26
"SBGL",15,16,16,32
"SBGL",16,18,18,36
"SBGL",17,18,19,37
"SBGL",18,13,18,31
"SBGL",19,15,15,30
"SBGL",20,14,15,29
"SBGL",21,18,22,40
"SBGL",22,21,28,49
"SBGL",23,22,37,59
"SBGL",24,48,46,94
"SBGL",25,59,53,112
"SBGL",26,66,60,126
"SBGL",27,76,72,148
"SBGL",28,86,75,161
"SBGL",29,100,81,181
"SBGL",30,87,73,160
"SBGL",31,111,87,198
"SBGL",32,132,99,231
"SBGL",33,137,104,241
"SBGL",34,134,97,231
"SBGL",35,132,101,233
"SBGL",36,129,114,243
"SBGL",37,128,105,233
"SBGL",38,142,109,251
"SBGL",39,127,106,233
"SBGL",40,149,116,265
"SBGL",41,178,142,320
"SBGL",42,188,145,333
"SBGL",43,175,131,306
"SBGL",44,189,138,327
"SBGL",45,166,126,292
"SBGL",46,145,127,272
"SBGL",47,168,130,298
"SBGL",48,158,137,295
"SBGL",49,162,148,310
"SBGL",50,168,151,319
"SBGL",51,176,189,365
"SBGL",52,173,194,367
"SBGL",53,51,56,107
"SBPJ",1,40,40,80
"SBPJ",2,41,40,81
"SBPJ",3,42,41,83
"SBPJ",4,40,40,80
"SBPJ",5,37,36,73
"SBPJ",6,37,37,74
"SBPJ",7,37,37,74
"SBPJ",8,35,35,70
"SBPJ",9,37,37,74
"SBPJ",10,36,36,72
"SBPJ",11,35,36,71
"SBPJ",12,19,18,37
"SBPJ",13,10,10,20
"SBPJ",14,9,8,17
"SBPJ",15,7,7,14
"SBPJ",16,4,4,8
"SBPJ",17,3,4,7
"SBPJ",18,3,3,6
"SBPJ",19,3,3,6
"SBPJ",20,1,1,2
"SBPJ",21,2,2,4
"SBPJ",22,3,3,6
"SBPJ",23,2,2,4
"SBPJ",24,2,2,4
"SBPJ",25,5,5,10
"SBPJ",26,5,5,10
"SBPJ",27,7,10,17
"SBPJ",28,13,13,26
"SBPJ",29,12,12,24
"SBPJ",30,11,11,22
"SBPJ",31,10,10,20
"SBPJ",32,11,11,22
"SBPJ",33,9,9,18
"SBPJ",34,9,9,18
"SBPJ",35,10,10,20
"SBPJ",36,13,13,26
"SBPJ",37,15,15,30
"SBPJ",38,13,13,26
"SBPJ",39,12,12,24
"SBPJ",40,12,11,23
"SBPJ",41,12,13,25
"SBPJ",42,14,17,31
"SBPJ",43,14,17,31
"SBPJ",44,9,12,21
"SBPJ",45,7,10,17
"SBPJ",46,6,7,13
"SBPJ",47,8,10,18
"SBPJ",48,6,8,14
"SBPJ",49,8,11,19
"SBPJ",50,5,9,14
"SBPJ",51,8,14,22
"SBPJ",52,7,13,20
"SBPJ",53,2,4,6
"SBRB",1,10,10,20
"SBRB",2,10,10,20
"SBRB",3,11,10,21
"SBRB",4,10,10,20
"SBRB",5,10,10,20
"SBRB",6,11,12,23
"SBRB",7,10,12,22
"SBRB",8,10,10,20
"SBRB",9,10,10,20
"SBRB",10,10,10,20
"SBRB",11,13,13,26
"SBRB",12,6,6,12
"SBRB",13,4,4,8
"SBRB",14,1,2,3
"SBRB",15,1,1,2
"SBRB",16,1,1,2
"SBRB",17,1,1,2
"SBRB",18,1,1,2
"SBRB",19,2,2,4
"SBRB",20,2,2,4
"SBRB",21,2,2,4
"SBRB",22,2,2,4
"SBRB",23,2,2,4
"SBRB",24,2,2,4
"SBRB",25,2,2,4
"SBRB",26,1,1,2
"SBRB",27,8,8,16
"SBRB",28,9,9,18
"SBRB",29,9,9,18
"SBRB",30,9,9,18
"SBRB",31,8,8,16
"SBRB",32,10,10,20
"SBRB",33,13,13,26
"SBRB",34,18,18,36
"SBRB",35,16,16,32
"SBRB",36,18,18,36
"SBRB",37,20,20,40
"SBRB",38,18,18,36
"SBRB",39,18,18,36
"SBRB",40,18,18,36
"SBRB",41,18,18,36
"SBRB",42,18,18,36
"SBRB",43,22,22,44
"SBRB",44,21,21,42
"SBRB",45,21,21,42
"SBRB",46,23,22,45
"SBRB",47,24,24,48
"SBRB",48,24,24,48
"SBRB",49,27,27,54
"SBRB",50,25,25,50
"SBRB",51,29,29,58
"SBRB",52,28,28,56
"SBRB",53,8,8,16
"SBTK",1,0,0,0
"SBTK",2,0,0,0
"SBTK",3,0,0,0
"SBTK",4,0,0,0
"SBTK",5,0,0,0
"SBTK",6,0,0,0
"SBTK",7,0,0,0
"SBTK",8,0,0,0
"SBTK",9,0,0,0
"SBTK",10,0,0,0
"SBTK",11,0,0,0
"SBTK",12,0,0,0
"SBTK",13,0,0,0
"SBTK",14,0,0,0
"SBTK",15,0,0,0
"SBTK",16,0,0,0
"SBTK",17,0,0,0
"SBTK",18,0,0,0
"SBTK",19,0,0,0
"SBTK",20,0,0,0
"SBTK",21,0,0,0
"SBTK",22,0,0,0
"SBTK",23,0,0,0
"SBTK",24,0,0,0
"SBTK",25,0,0,0
"SBTK",26,0,0,0
"SBTK",27,0,0,0
"SBTK",28,0,0,0
"SBTK",29,0,0,0
"SBTK",30,0,0,0
"SBTK",31,0,0,0
"SBTK",32,0,0,0
"SBTK",33,0,0,0
"SBTK",34,0,0,0
"SBTK",35,0,0,0
"SBTK",36,0,0,0
"SBTK",37,0,0,0
"SBTK",38,0,0,0
"SBTK",39,0,0,0
"SBTK",40,0,0,0
"SBTK",41,0,0,0
"SBTK",42,0,0,0
"SBTK",43,0,0,0
"SBTK",44,0,0,0
"SBTK",45,0,0,0
"SBTK",46,0,0,0
"SBTK",47,0,0,0
"SBTK",48,0,0,0
"SBTK",49,0,0,0
"SBTK",50,0,0,0
"SBTK",51,0,0,0
"SBTK",52,0,0,0
"SBTK",53,0,0,0
"SBCD",1,0,0,0
"SBCD",2,0,0,0
"SBCD",3,0,0,0
"SBCD",4,0,0,0
"SBCD",5,0,0,0
"SBCD",6,0,0,0
"SBCD",7,0,0,0
"SBCD",8,0,0,0
"SBCD",9,0,0,0
"SBCD",10,0,0,0
"SBCD",11,0,0,0
"SBCD",12,0,0,0
"SBCD",13,0,0,0
"SBCD",14,0,0,0
"SBCD",15,0,0,0
"SBCD",16,0,0,0
"SBCD",17,0,0,0
"SBCD",18,0,0,0
"SBCD",19,0,0,0
"SBCD",20,0,0,0
"SBCD",21,0,0,0
"SBCD",22,0,0,0
"SBCD",23,0,0,0
"SBCD",24,0,0,0
"SBCD",25,0,0,0
"SBCD",26,0,0,0
"SBCD",27,0,0,0
"SBCD",28,0,0,0
"SBCD",29,0,0,0
"SBCD",30,0,0,0
"SBCD",31,0,0,0
"SBCD",32,0,0,0
"SBCD",33,0,0,0
"SBCD",34,0,0,0
"SBCD",35,0,0,0
"SBCD",36,0,0,0
"SBCD",37,0,0,0
"SBCD",38,0,0,0
"SBCD",39,0,0,0
"SBCD",40,0,0,0
"SBCD",41,0,0,0
"SBCD",42,0,0,0
"SBCD",43,0,0,0
"SBCD",44,0,0,0
"SBCD",45,0,0,0
"SBCD",46,0,0,0
"SBCD",47,0,0,0
"SBCD",48,0,0,0
"SBCD",49,0,0,0
"SBCD",50,0,0,0
"SBCD",51,0,0,0
"SBCD",52,0,0,0
"SBCD",53,0,0,0
"SBAU",1,12,17,29
"SBAU",2,12,18,30
"SBAU",3,12,18,30
"SBAU",4,12,18,30
"SBAU",5,14,18,32
"SBAU",6,17,19,36
"SBAU",7,17,19,36
"SBAU",8,15,16,31
"SBAU",9,17,17,34
"SBAU",10,18,19,37
"SBAU",11,18,19,37
"SBAU",12,7,8,15
"SBAU",13,0,0,0
"SBAU",14,0,0,0
"SBAU",15,0,0,0
"SBAU",16,0,0,0
"SBAU",17,0,0,0
"SBAU",18,0,0,0
"SBAU",19,4,3,7
"SBAU",20,8,10,18
"SBAU",21,7,7,14
"SBAU",22,5,5,10
"SBAU",23,7,7,14
"SBAU",24,0,0,0
"SBAU",25,0,0,0
"SBAU",26,1,1,2
"SBAU",27,0,1,1
"SBAU",28,1,1,2
"SBAU",29,5,6,11
"SBAU",30,5,4,9
"SBAU",31,4,4,8
"SBAU",32,5,5,10
"SBAU",33,5,5,10
"SBAU",34,4,5,9
"SBAU",35,4,4,8
"SBAU",36,9,9,18
"SBAU",37,9,9,18
"SBAU",38,9,9,18
"SBAU",39,9,9,18
"SBAU",40,9,9,18
"SBAU",41,9,8,17
"SBAU",42,10,10,20
"SBAU",43,9,9,18
"SBAU",44,9,9,18
"SBAU",45,11,11,22
"SBAU",46,10,10,20
"SBAU",47,10,10,20
"SBAU",48,10,10,20
"SBAU",49,10,10,20
"SBAU",50,10,10,20
"SBAU",51,11,11,22
"SBAU",52,13,13,26
"SBAU",53,4,4,8
"SBJU",1,17,15,32
"SBJU",2,17,16,33
"SBJU",3,19,16,35
"SBJU",4,20,17,37
"SBJU",5,18,19,37
"SBJU",6,15,21,36
"SBJU",7,15,20,35
"SBJU",8,13,17,30
"SBJU",9,19,20,39
"SBJU",10,20,20,40
"SBJU",11,20,20,40
"SBJU",12,18,19,37
"SBJU",13,2,1,3
"SBJU",14,2,2,4
"SBJU",15,2,2,4
"SBJU",16,3,3,6
"SBJU",17,4,4,8
"SBJU",18,3,2,5
"SBJU",19,4,4,8
"SBJU",20,4,4,8
"SBJU",21,4,4,8
"SBJU",22,4,4,8
"SBJU",23,4,4,8
"SBJU",24,7,7,14
"SBJU",25,11,11,22
"SBJU",26,11,10,21
"SBJU",27,13,13,26
"SBJU",28,13,12,25
"SBJU",29,13,13,26
"SBJU",30,13,13,26
"SBJU",31,13,13,26
"SBJU",32,13,13,26
"SBJU",33,13,13,26
"SBJU",34,13,13,26
"SBJU",35,13,12,25
"SBJU",36,11,13,24
"SBJU",37,13,13,26
"SBJU",38,13,13,26
"SBJU",39,12,12,24
"SBJU",40,18,18,36
"SBJU",41,17,17,34
"SBJU",42,20,20,40
"SBJU",43,20,20,40
"SBJU",44,16,16,32
"SBJU",45,13,13,26
"SBJU",46,12,12,24
"SBJU",47,13,13,26
"SBJU",48,13,13,26
"SBJU",49,13,13,26
"SBJU",50,14,14,28
"SBJU",51,14,13,27
"SBJU",52,14,14,28
"SBJU",53,4,4,8
"SBVC",1,30,28,58
"SBVC",2,29,28,57
"SBVC",3,31,31,62
"SBVC",4,32,34,66
"SBVC",5,32,34,66
"SBVC",6,30,26,56
"SBVC",7,28,27,55
"SBVC",8,24,19,43
"SBVC",9,27,24,51
"SBVC",10,27,23,50
"SBVC",11,30,29,59
"SBVC",12,17,16,33
"SBVC",13,0,0,0
"SBVC",14,0,0,0
"SBVC",15,0,0,0
"SBVC",16,2,2,4
"SBVC",17,1,1,2
"SBVC",18,1,1,2
"SBVC",19,0,0,0
"SBVC",20,0,0,0
"SBVC",21,0,0,0
"SBVC",22,1,1,2
"SBVC",23,1,1,2
"SBVC",24,2,2,4
"SBVC",25,2,2,4
"SBVC",26,0,0,0
"SBVC",27,7,7,14
"SBVC",28,7,7,14
"SBVC",29,7,6,13
"SBVC",30,5,5,10
"SBVC",31,9,7,16
"SBVC",32,18,13,31
"SBVC",33,17,13,30
"SBVC",34,16,13,29
"SBVC",35,17,17,34
"SBVC",36,16,16,32
"SBVC",37,19,19,38
"SBVC",38,22,21,43
"SBVC",39,21,21,42
"SBVC",40,19,19,38
"SBVC",41,19,20,39
"SBVC",42,24,24,48
"SBVC",43,23,23,46
"SBVC",44,18,18,36
"SBVC",45,24,25,49
"SBVC",46,24,24,48
"SBVC",47,24,24,48
"SBVC",48,23,23,46
"SBVC",49,24,24,48
"SBVC",50,24,24,48
"SBVC",51,22,22,44
"SBVC",52,19,20,39
"SBVC",53,7,6,13
"SBLP",1,0,0,0
"SBLP",2,0,0,0
"SBLP",3,0,0,0
"SBLP",4,0,0,0
"SBLP",5,0,0,0
"SBLP",6,0,0,0
"SBLP",7,0,0,0
"SBLP",8,0,0,0
"SBLP",9,0,0,0
"SBLP",10,0,0,0
"SBLP",11,0,0,0
"SBLP",12,0,0,0
"SBLP",13,0,0,0
"SBLP",14,0,0,0
"SBLP",15,0,0,0
"SBLP",16,0,0,0
"SBLP",17,0,0,0
"SBLP",18,0,0,0
"SBLP",19,0,0,0
"SBLP",20,0,0,0
"SBLP",21,0,0,0
"SBLP",22,0,0,0
"SBLP",23,0,0,0
"SBLP",24,0,0,0
"SBLP",25,0,0,0
"SBLP",26,0,0,0
"SBLP",27,0,0,0
"SBLP",28,0,0,0
"SBLP",29,0,0,0
"SBLP",30,0,0,0
"SBLP",31,0,0,0
"SBLP",32,0,0,0
"SBLP",33,0,0,0
"SBLP",34,0,0,0
"SBLP",35,0,0,0
"SBLP",36,0,0,0
"SBLP",37,0,0,0
"SBLP",38,0,0,0
"SBLP",39,0,0,0
"SBLP",40,0,0,0
"SBLP",41,0,0,0
"SBLP",42,0,0,0
"SBLP",43,0,0,0
"SBLP",44,0,0,0
"SBLP",45,0,0,0
"SBLP",46,0,0,0
"SBLP",47,0,0,0
"SBLP",48,0,0,0
"SBLP",49,0,0,0
"SBLP",50,0,0,0
"SBLP",51,0,0,0
"SBLP",52,0,0,0
"SBLP",53,0,0,0
"SBIC",1,0,0,0
"SBIC",2,0,0,0
"SBIC",3,0,0,0
"SBIC",4,0,0,0
"SBIC",5,0,0,0
"SBIC",6,0,0,0
"SBIC",7,0,0,0
"SBIC",8,0,0,0
"SBIC",9,0,0,0
"SBIC",10,0,0,0
"SBIC",11,0,0,0
"SBIC",12,0,0,0
"SBIC",13,0,0,0
"SBIC",14,0,0,0
"SBIC",15,0,0,0
"SBIC",16,0,0,0
"SBIC",17,0,0,0
"SBIC",18,0,0,0
"SBIC",19,0,0,0
"SBIC",20,0,0,0
"SBIC",21,0,0,0
"SBIC",22,0,0,0
"SBIC",23,0,0,0
"SBIC",24,0,0,0
"SBIC",25,0,0,0
"SBIC",26,0,0,0
"SBIC",27,0,0,0
"SBIC",28,0,0,0
"SBIC",29,0,0,0
"SBIC",30,0,0,0
"SBIC",31,0,0,0
"SBIC",32,0,0,0
"SBIC",33,0,0,0
"SBIC",34,0,0,0
"SBIC",35,0,0,0
"SBIC",36,0,0,0
"SBIC",37,0,0,0
"SBIC",38,0,0,0
"SBIC",39,0,0,0
"SBIC",40,0,0,0
"SBIC",41,0,0,0
"SBIC",42,0,0,0
"SBIC",43,0,0,0
"SBIC",44,0,0,0
"SBIC",45,0,0,0
"SBIC",46,0,0,0
"SBIC",47,0,0,0
"SBIC",48,0,0,0
"SBIC",49,0,0,0
"SBIC",50,0,0,0
"SBIC",51,0,0,0
"SBIC",52,0,0,0
"SBIC",53,0,0,0
"SBCB",1,24,24,48
"SBCB",2,25,25,50
"SBCB",3,26,25,51
"SBCB",4,22,21,43
"SBCB",5,17,17,34
"SBCB",6,10,10,20
"SBCB",7,8,8,16
"SBCB",8,16,16,32
"SBCB",9,17,17,34
"SBCB",10,7,7,14
"SBCB",11,7,7,14
"SBCB",12,2,2,4
"SBCB",13,0,0,0
"SBCB",14,0,0,0
"SBCB",15,1,1,2
"SBCB",16,0,0,0
"SBCB",17,2,2,4
"SBCB",18,1,1,2
"SBCB",19,0,0,0
"SBCB",20,1,1,2
"SBCB",21,1,1,2
"SBCB",22,0,1,1
"SBCB",23,1,1,2
"SBCB",24,0,0,0
"SBCB",25,0,0,0
"SBCB",26,0,1,1
"SBCB",27,0,1,1
"SBCB",28,0,0,0
"SBCB",29,1,1,2
"SBCB",30,0,0,0
"SBCB",31,0,0,0
"SBCB",32,0,0,0
"SBCB",33,0,0,0
"SBCB",34,0,0,0
"SBCB",35,0,0,0
"SBCB",36,1,1,2
"SBCB",37,0,0,0
"SBCB",38,1,1,2
"SBCB",39,0,0,0
"SBCB",40,0,0,0
"SBCB",41,0,0,0
"SBCB",42,1,1,2
"SBCB",43,1,1,2
"SBCB",44,0,0,0
"SBCB",45,1,1,2
"SBCB",46,0,0,0
"SBCB",47,0,0,0
"SBCB",48,0,0,0
"SBCB",49,1,0,1
"SBCB",50,5,5,10
"SBCB",51,19,19,38
"SBCB",52,16,16,32
"SBCB",53,4,4,8
"SBSG",1,123,130,253
"SBSG",2,129,134,263
"SBSG",3,123,127,250
"SBSG",4,124,130,254
"SBSG",5,111,117,228
"SBSG",6,105,110,215
"SBSG",7,99,107,206
"SBSG",8,85,90,175
"SBSG",9,105,114,219
"SBSG",10,99,108,207
"SBSG",11,102,108,210
"SBSG",12,70,80,150
"SBSG",13,16,17,33
"SBSG",14,14,14,28
"SBSG",15,14,13,27
"SBSG",16,12,12,24
"SBSG",17,12,13,25
"SBSG",18,11,11,22
"SBSG",19,12,12,24
"SBSG",20,12,12,24
"SBSG",21,12,11,23
"SBSG",22,14,13,27
"SBSG",23,15,15,30
"SBSG",24,18,17,35
"SBSG",25,22,22,44
"SBSG",26,24,24,48
"SBSG",27,30,29,59
"SBSG",28,30,30,60
"SBSG",29,33,33,66
"SBSG",30,28,28,56
"SBSG",31,29,29,58
"SBSG",32,31,31,62
"SBSG",33,35,34,69
"SBSG",34,37,36,73
"SBSG",35,40,39,79
"SBSG",36,46,48,94
"SBSG",37,46,47,93
"SBSG",38,49,49,98
"SBSG",39,49,49,98
"SBSG",40,51,61,112
"SBSG",41,55,63,118
"SBSG",42,60,68,128
"SBSG",43,59,71,130
"SBSG",44,58,63,121
"SBSG",45,65,73,138
"SBSG",46,66,71,137
"SBSG",47,66,74,140
"SBSG",48,66,67,133
"SBSG",49,72,78,150
"SBSG",50,78,84,162
"SBSG",51,92,99,191
"SBSG",52,96,100,196
"SBSG",53,25,27,52
"SBIP",1,10,11,21
"SBIP",2,15,20,35
"SBIP",3,14,19,33
"SBIP",4,14,19,33
"SBIP",5,18,19,37
"SBIP",6,23,20,43
"SBIP",7,25,21,46
"SBIP",8,18,15,33
"SBIP",9,21,18,39
"SBIP",10,23,20,43
"SBIP",11,19,17,36
"SBIP",12,5,3,8
"SBIP",13,0,0,0
"SBIP",14,0,0,0
"SBIP",15,0,0,0
"SBIP",16,0,0,0
"SBIP",17,0,0,0
"SBIP",18,0,0,0
"SBIP",19,0,0,0
"SBIP",20,0,0,0
"SBIP",21,0,0,0
"SBIP",22,0,0,0
"SBIP",23,0,0,0
"SBIP",24,0,0,0
"SBIP",25,0,0,0
"SBIP",26,0,0,0
"SBIP",27,0,0,0
"SBIP",28,0,0,0
"SBIP",29,0,0,0
"SBIP",30,0,0,0
"SBIP",31,0,0,0
"SBIP",32,0,0,0
"SBIP",33,0,0,0
"SBIP",34,0,0,0
"SBIP",35,0,0,0
"SBIP",36,0,0,0
"SBIP",37,0,0,0
"SBIP",38,0,0,0
"SBIP",39,0,0,0
"SBIP",40,0,0,0
"SBIP",41,0,0,0
"SBIP",42,0,0,0
"SBIP",43,0,0,0
"SBIP",44,0,0,0
"SBIP",45,0,0,0
"SBIP",46,0,0,0
"SBIP",47,0,0,0
"SBIP",48,0,0,0
"SBIP",49,0,0,0
"SBIP",50,0,0,0
"SBIP",51,0,0,0
"SBIP",52,0,0,0
"SBIP",53,0,0,0
"SBSO",1,1,1,2
"SBSO",2,1,1,2
"SBSO",3,1,1,2
"SBSO",4,1,1,2
"SBSO",5,1,0,1
"SBSO",6,2,2,4
"SBSO",7,2,2,4
"SBSO",8,1,1,2
"SBSO",9,2,2,4
"SBSO",10,2,2,4
"SBSO",11,2,2,4
"SBSO",12,1,1,2
"SBSO",13,0,0,0
"SBSO",14,0,0,0
"SBSO",15,0,0,0
"SBSO",16,0,0,0
"SBSO",17,0,0,0
"SBSO",18,0,0,0
"SBSO",19,0,0,0
"SBSO",20,0,0,0
"SBSO",21,0,0,0
"SBSO",22,0,0,0
"SBSO",23,0,0,0
"SBSO",24,0,0,0
"SBSO",25,0,0,0
"SBSO",26,0,0,0
"SBSO",27,0,0,0
"SBSO",28,0,0,0
"SBSO",29,0,0,0
"SBSO",30,0,0,0
"SBSO",31,0,0,0
"SBSO",32,0,0,0
"SBSO",33,0,0,0
"SBSO",34,0,0,0
"SBSO",35,0,0,0
"SBSO",36,1,1,2
"SBSO",37,3,3,6
"SBSO",38,4,4,8
"SBSO",39,4,4,8
"SBSO",40,8,8,16
"SBSO",41,7,7,14
"SBSO",42,9,8,17
"SBSO",43,9,9,18
"SBSO",44,8,8,16
"SBSO",45,8,8,16
"SBSO",46,6,6,12
"SBSO",47,5,5,10
"SBSO",48,6,6,12
"SBSO",49,6,6,12
"SBSO",50,6,6,12
"SBSO",51,6,6,12
"SBSO",52,5,5,10
"SBSO",53,2,2,4
"SBCA",1,30,29,59
"SBCA",2,32,29,61
"SBCA",3,34,29,63
"SBCA",4,35,29,64
"SBCA",5,33,29,62
"SBCA",6,31,27,58
"SBCA",7,29,26,55
"SBCA",8,21,19,40
"SBCA",9,25,19,44
"SBCA",10,32,31,63
"SBCA",11,32,30,62
"SBCA",12,12,11,23
"SBCA",13,1,1,2
"SBCA",14,0,0,0
"SBCA",15,0,0,0
"SBCA",16,0,0,0
"SBCA",17,0,0,0
"SBCA",18,0,0,0
"SBCA",19,0,0,0
"SBCA",20,0,0,0
"SBCA",21,0,0,0
"SBCA",22,0,0,0
"SBCA",23,0,0,0
"SBCA",24,0,0,0
"SBCA",25,0,0,0
"SBCA",26,0,0,0
"SBCA",27,3,3,6
"SBCA",28,3,3,6
"SBCA",29,3,3,6
"SBCA",30,3,2,5
"SBCA",31,3,3,6
"SBCA",32,3,3,6
"SBCA",33,2,3,5
"SBCA",34,3,3,6
"SBCA",35,3,3,6
"SBCA",36,3,3,6
"SBCA",37,5,5,10
"SBCA",38,8,8,16
"SBCA",39,8,8,16
"SBCA",40,10,10,20
"SBCA",41,11,11,22
"SBCA",42,12,12,24
"SBCA",43,12,12,24
"SBCA",44,12,12,24
"SBCA",45,16,17,33
"SBCA",46,18,18,36
"SBCA",47,18,18,36
"SBCA",48,17,17,34
"SBCA",49,18,18,36
"SBCA",50,19,19,38
"SBCA",51,18,17,35
"SBCA",52,15,15,30
"SBCA",53,5,5,10
"SBGO",1,163,182,345
"SBGO",2,169,188,357
"SBGO",3,172,182,354
"SBGO",4,171,185,356
"SBGO",5,167,175,342
"SBGO",6,168,172,340
"SBGO",7,166,172,338
"SBGO",8,143,150,293
"SBGO",9,149,162,311
"SBGO",10,157,171,328
"SBGO",11,146,160,306
"SBGO",12,58,79,137
"SBGO",13,20,21,41
"SBGO",14,17,18,35
"SBGO",15,15,13,28
"SBGO",16,11,11,22
"SBGO",17,12,11,23
"SBGO",18,9,10,19
"SBGO",19,9,9,18
"SBGO",20,8,8,16
"SBGO",21,8,9,17
"SBGO",22,8,9,17
"SBGO",23,10,10,20
"SBGO",24,21,21,42
"SBGO",25,26,25,51
"SBGO",26,25,24,49
"SBGO",27,21,24,45
"SBGO",28,24,29,53
"SBGO",29,33,34,67
"SBGO",30,32,33,65
"SBGO",31,30,34,64
"SBGO",32,29,34,63
"SBGO",33,27,36,63
"SBGO",34,30,34,64
"SBGO",35,31,36,67
"SBGO",36,40,53,93
"SBGO",37,42,57,99
"SBGO",38,43,52,95
"SBGO",39,40,52,92
"SBGO",40,52,59,111
"SBGO",41,57,68,125
"SBGO",42,68,72,140
"SBGO",43,69,72,141
"SBGO",44,64,78,142
"SBGO",45,95,104,199
"SBGO",46,90,97,187
"SBGO",47,87,98,185
"SBGO",48,94,105,199
"SBGO",49,105,116,221
"SBGO",50,109,122,231
"SBGO",51,108,116,224
"SBGO",52,96,108,204
"SBGO",53,30,33,63
"SBDN",1,17,17,34
"SBDN",2,21,21,42
"SBDN",3,20,20,40
"SBDN",4,21,20,41
"SBDN",5,20,20,40
"SBDN",6,15,16,31
"SBDN",7,15,14,29
"SBDN",8,13,13,26
"SBDN",9,15,15,30
"SBDN",10,16,15,31
"SBDN",11,15,15,30
"SBDN",12,4,6,10
"SBDN",13,0,0,0
"SBDN",14,0,0,0
"SBDN",15,0,0,0
"SBDN",16,0,0,0
"SBDN",17,0,0,0
"SBDN",18,0,0,0
"SBDN",19,0,0,0
"SBDN",20,0,0,0
"SBDN",21,0,0,0
"SBDN",22,0,0,0
"SBDN",23,0,0,0
"SBDN",24,0,0,0
"SBDN",25,0,0,0
"SBDN",26,0,0,0
"SBDN",27,0,0,0
"SBDN",28,0,0,0
"SBDN",29,0,0,0
"SBDN",30,0,0,0
"SBDN",31,0,0,0
"SBDN",32,0,0,0
"SBDN",33,0,0,0
"SBDN",34,0,0,0
"SBDN",35,1,1,2
"SBDN",36,6,6,12
"SBDN",37,6,6,12
"SBDN",38,6,6,12
"SBDN",39,6,6,12
"SBDN",40,8,8,16
"SBDN",41,9,10,19
"SBDN",42,12,12,24
"SBDN",43,12,14,26
"SBDN",44,13,11,24
"SBDN",45,17,14,31
"SBDN",46,17,14,31
"SBDN",47,18,13,31
"SBDN",48,16,15,31
"SBDN",49,17,15,32
"SBDN",50,17,16,33
"SBDN",51,12,11,23
"SBDN",52,10,9,19
"SBDN",53,3,3,6
"SBBR",1,773,771,1544
"SBBR",2,831,800,1631
"SBBR",3,830,797,1627
"SBBR",4,840,786,1626
"SBBR",5,824,783,1607
"SBBR",6,811,765,1576
"SBBR",7,818,760,1578
"SBBR",8,712,678,1390
"SBBR",9,800,762,1562
"SBBR",10,832,773,1605
"SBBR",11,808,759,1567
"SBBR",12,458,421,879
"SBBR",13,114,95,209
"SBBR",14,53,52,105
"SBBR",15,37,42,79
"SBBR",16,27,36,63
"SBBR",17,29,38,67
"SBBR",18,34,41,75
"SBBR",19,47,50,97
"SBBR",20,40,41,81
"SBBR",21,46,49,95
"SBBR",22,52,56,108
"SBBR",23,66,68,134
"SBBR",24,87,81,168
"SBBR",25,92,95,187
"SBBR",26,95,95,190
"SBBR",27,145,143,288
"SBBR",28,147,162,309
"SBBR",29,161,180,341
"SBBR",30,173,192,365
"SBBR",31,190,221,411
"SBBR",32,195,246,441
"SBBR",33,232,281,513
"SBBR",34,261,294,555
"SBBR",35,270,299,569
"SBBR",36,316,356,672
"SBBR",37,323,377,700
"SBBR",38,323,367,690
"SBBR",39,321,365,686
"SBBR",40,373,410,783
"SBBR",41,398,427,825
"SBBR",42,426,448,874
"SBBR",43,414,433,847
"SBBR",44,379,403,782
"SBBR",45,419,443,862
"SBBR",46,404,441,845
"SBBR",47,409,443,852
"SBBR",48,416,449,865
"SBBR",49,494,491,985
"SBBR",50,493,486,979
"SBBR",51,530,507,1037
"SBBR",52,487,475,962
"SBBR",53,147,138,285
"SBIH",1,4,4,8
"SBIH",2,6,6,12
"SBIH",3,8,8,16
"SBIH",4,8,8,16
"SBIH",5,8,8,16
"SBIH",6,6,6,12
"SBIH",7,4,3,7
"SBIH",8,6,4,10
"SBIH",9,2,2,4
"SBIH",10,3,3,6
"SBIH",11,2,2,4
"SBIH",12,0,0,0
"SBIH",13,0,0,0
"SBIH",14,0,0,0
"SBIH",15,0,0,0
"SBIH",16,0,0,0
"SBIH",17,0,0,0
"SBIH",18,0,0,0
"SBIH",19,0,0,0
"SBIH",20,1,1,2
"SBIH",21,3,3,6
"SBIH",22,3,3,6
"SBIH",23,3,3,6
"SBIH",24,2,3,5
"SBIH",25,3,3,6
"SBIH",26,2,3,5
"SBIH",27,5,5,10
"SBIH",28,4,5,9
"SBIH",29,5,5,10
"SBIH",30,6,6,12
"SBIH",31,4,4,8
"SBIH",32,3,3,6
"SBIH",33,3,3,6
"SBIH",34,3,3,6
"SBIH",35,3,2,5
"SBIH",36,6,6,12
"SBIH",37,7,7,14
"SBIH",38,4,4,8
"SBIH",39,4,4,8
"SBIH",40,5,5,10
"SBIH",41,7,7,14
"SBIH",42,7,7,14
"SBIH",43,7,7,14
"SBIH",44,5,5,10
"SBIH",45,6,6,12
"SBIH",46,6,6,12
"SBIH",47,7,7,14
"SBIH",48,3,3,6
"SBIH",49,5,5,10
"SBIH",50,5,5,10
"SBIH",51,6,4,10
"SBIH",52,5,5,10
"SBIH",53,2,2,4
"SBSI",1,22,22,44
"SBSI",2,26,26,52
"SBSI",3,26,26,52
"SBSI",4,26,26,52
"SBSI",5,26,26,52
"SBSI",6,25,25,50
"SBSI",7,27,27,54
"SBSI",8,21,20,41
"SBSI",9,26,26,52
"SBSI",10,27,27,54
"SBSI",11,26,26,52
"SBSI",12,12,12,24
"SBSI",13,0,0,0
"SBSI",14,0,0,0
"SBSI",15,0,0,0
"SBSI",16,0,0,0
"SBSI",17,0,0,0
"SBSI",18,0,0,0
"SBSI",19,0,0,0
"SBSI",20,0,0,0
"SBSI",21,0,0,0
"SBSI",22,0,0,0
"SBSI",23,0,0,0
"SBSI",24,0,0,0
"SBSI",25,0,0,0
"SBSI",26,0,0,0
"SBSI",27,8,8,16
"SBSI",28,5,5,10
"SBSI",29,9,9,18
"SBSI",30,8,8,16
"SBSI",31,9,9,18
"SBSI",32,12,12,24
"SBSI",33,13,13,26
"SBSI",34,13,13,26
"SBSI",35,13,13,26
"SBSI",36,13,13,26
"SBSI",37,16,16,32
"SBSI",38,8,8,16
"SBSI",39,12,12,24
"SBSI",40,15,15,30
"SBSI",41,13,13,26
"SBSI",42,14,14,28
"SBSI",43,15,15,30
"SBSI",44,12,13,25
"SBSI",45,15,15,30
"SBSI",46,15,15,30
"SBSI",47,14,14,28
"SBSI",48,16,16,32
"SBSI",49,18,18,36
"SBSI",50,17,17,34
"SBSI",51,17,17,34
"SBSI",52,15,15,30
"SBSI",53,4,4,8
"SBAE",1,38,36,74
"SBAE",2,40,41,81
"SBAE",3,32,38,70
"SBAE",4,29,34,63
"SBAE",5,30,33,63
"SBAE",6,25,32,57
"SBAE",7,26,34,60
"SBAE",8,23,25,48
"SBAE",9,23,29,52
"SBAE",10,25,32,57
"SBAE",11,18,25,43
"SBAE",12,10,14,24
"SBAE",13,0,0,0
"SBAE",14,0,0,0
"SBAE",15,0,0,0
"SBAE",16,0,0,0
"SBAE",17,0,0,0
"SBAE",18,0,0,0
"SBAE",19,4,4,8
"SBAE",20,7,7,14
"SBAE",21,8,9,17
"SBAE",22,10,10,20
"SBAE",23,9,9,18
"SBAE",24,10,10,20
"SBAE",25,10,10,20
"SBAE",26,12,11,23
"SBAE",27,8,8,16
"SBAE",28,5,5,10
"SBAE",29,6,5,11
"SBAE",30,6,5,11
"SBAE",31,6,5,11
"SBAE",32,6,5,11
"SBAE",33,6,5,11
"SBAE",34,6,5,11
"SBAE",35,6,5,11
"SBAE",36,5,5,10
"SBAE",37,6,5,11
"SBAE",38,6,5,11
"SBAE",39,5,5,10
"SBAE",40,6,5,11
"SBAE",41,5,5,10
"SBAE",42,6,5,11
"SBAE",43,5,5,10
"SBAE",44,6,6,12
"SBAE",45,7,6,13
"SBAE",46,9,7,16
"SBAE",47,8,5,13
"SBAE",48,10,8,18
"SBAE",49,5,5,10
"SBAE",50,6,6,12
"SBAE",51,7,7,14
"SBAE",52,6,7,13
"SBAE",53,2,2,4
"SBRF",1,485,503,988
"SBRF",2,509,512,1021
"SBRF",3,513,514,1027
"SBRF",4,505,514,1019
"SBRF",5,489,494,983
"SBRF",6,462,464,926
"SBRF",7,462,457,919
"SBRF",8,415,423,838
"SBRF",9,440,437,877
"SBRF",10,455,439,894
"SBRF",11,444,431,875
"SBRF",12,289,258,547
"SBRF",13,63,56,119
"SBRF",14,43,36,79
"SBRF",15,47,45,92
"SBRF",16,47,41,88
"SBRF",17,50,42,92
"SBRF",18,46,47,93
"SBRF",19,68,61,129
"SBRF",20,66,60,126
"SBRF",21,63,57,120
"SBRF",22,73,70,143
"SBRF",23,85,80,165
"SBRF",24,87,83,170
"SBRF",25,122,120,242
"SBRF",26,132,129,261
"SBRF",27,133,125,258
"SBRF",28,156,158,314
"SBRF",29,177,170,347
"SBRF",30,171,168,339
"SBRF",31,170,165,335
"SBRF",32,178,192,370
"SBRF",33,181,195,376
"SBRF",34,181,194,375
"SBRF",35,180,200,380
"SBRF",36,202,214,416
"SBRF",37,207,228,435
"SBRF",38,211,226,437
"SBRF",39,212,225,437
"SBRF",40,246,264,510
"SBRF",41,278,286,564
"SBRF",42,316,323,639
"SBRF",43,309,317,626
"SBRF",44,304,306,610
"SBRF",45,323,306,629
"SBRF",46,361,332,693
"SBRF",47,354,333,687
"SBRF",48,356,340,696
"SBRF",49,381,358,739
"SBRF",50,407,386,793
"SBRF",51,455,424,879
"SBRF",52,403,384,787
"SBRF",53,125,114,239
"SBJF",1,0,0,0
"SBJF",2,0,0,0
"SBJF",3,0,0,0
"SBJF",4,0,0,0
"SBJF",5,0,0,0
"SBJF",6,0,0,0
"SBJF",7,0,0,0
"SBJF",8,0,0,0
"SBJF",9,0,0,0
"SBJF",10,0,0,0
"SBJF",11,0,0,0
"SBJF",12,0,0,0
"SBJF",13,0,0,0
"SBJF",14,0,0,0
"SBJF",15,0,0,0
"SBJF",16,0,0,0
"SBJF",17,0,0,0
"SBJF",18,0,0,0
"SBJF",19,0,0,0
"SBJF",20,0,0,0
"SBJF",21,0,0,0
"SBJF",22,0,0,0
"SBJF",23,0,0,0
"SBJF",24,0,0,0
"SBJF",25,0,0,0
"SBJF",26,0,0,0
"SBJF",27,0,0,0
"SBJF",28,0,0,0
"SBJF",29,0,0,0
"SBJF",30,0,0,0
"SBJF",31,0,0,0
"SBJF",32,0,0,0
"SBJF",33,0,0,0
"SBJF",34,0,0,0
"SBJF",35,0,0,0
"SBJF",36,0,0,0
"SBJF",37,0,0,0
"SBJF",38,0,0,0
"SBJF",39,0,0,0
"SBJF",40,0,0,0
"SBJF",41,0,0,0
"SBJF",42,0,0,0
"SBJF",43,0,0,0
"SBJF",44,0,0,0
"SBJF",45,0,0,0
"SBJF",46,0,0,0
"SBJF",47,0,0,0
"SBJF",48,0,0,0
"SBJF",49,0,0,0
"SBJF",50,0,0,0
"SBJF",51,0,0,0
"SBJF",52,0,0,0
"SBJF",53,0,0,0
"SBMI",1,0,0,0
"SBMI",2,0,0,0
"SBMI",3,0,0,0
"SBMI",4,0,0,0
"SBMI",5,0,0,0
"SBMI",6,0,0,0
"SBMI",7,0,0,0
"SBMI",8,0,0,0
"SBMI",9,0,0,0
"SBMI",10,0,0,0
"SBMI",11,0,0,0
"SBMI",12,0,0,0
"SBMI",13,0,0,0
"SBMI",14,0,0,0
"SBMI",15,0,0,0
"SBMI",16,0,0,0
"SBMI",17,0,0,0
"SBMI",18,0,0,0
"SBMI",19,0,0,0
"SBMI",20,0,0,0
"SBMI",21,0,0,0
"SBMI",22,0,0,0
"SBMI",23,0,0,0
"SBMI",24,0,0,0
"SBMI",25,0,0,0
"SBMI",26,0,0,0
"SBMI",27,0,0,0
"SBMI",28,0,0,0
"SBMI",29,0,0,0
"SBMI",30,0,0,0
"SBMI",31,0,0,0
"SBMI",32,0,0,0
"SBMI",33,0,0,0
"SBMI",34,0,0,0
"SBMI",35,0,0,0
"SBMI",36,0,0,0
"SBMI",37,0,0,0
"SBMI",38,0,0,0
"SBMI",39,0,0,0
"SBMI",40,0,0,0
"SBMI",41,0,0,0
"SBMI",42,0,0,0
"SBMI",43,0,0,0
"SBMI",44,0,0,0
"SBMI",45,0,0,0
"SBMI",46,0,0,0
"SBMI",47,0,0,0
"SBMI",48,0,0,0
"SBMI",49,0,0,0
"SBMI",50,0,0,0
"SBMI",51,0,0,0
"SBMI",52,0,0,0
"SBMI",53,0,0,0
"SBBU",1,0,0,0
"SBBU",2,0,0,0
"SBBU",3,0,0,0
"SBBU",4,0,0,0
"SBBU",5,0,0,0
"SBBU",6,0,0,0
"SBBU",7,0,0,0
"SBBU",8,0,0,0
"SBBU",9,0,0,0
"SBBU",10,0,0,0
"SBBU",11,0,0,0
"SBBU",12,0,0,0
"SBBU",13,0,0,0
"SBBU",14,0,0,0
"SBBU",15,0,0,0
"SBBU",16,0,0,0
"SBBU",17,0,0,0
"SBBU",18,0,0,0
"SBBU",19,0,0,0
"SBBU",20,0,0,0
"SBBU",21,0,0,0
"SBBU",22,0,0,0
"SBBU",23,0,0,0
"SBBU",24,0,0,0
"SBBU",25,0,0,0
"SBBU",26,0,0,0
"SBBU",27,0,0,0
"SBBU",28,0,0,0
"SBBU",29,1,1,2
"SBBU",30,0,0,0
"SBBU",31,0,0,0
"SBBU",32,0,0,0
"SBBU",33,1,1,2
"SBBU",34,0,0,0
"SBBU",35,0,0,0
"SBBU",36,0,0,0
"SBBU",37,0,0,0
"SBBU",38,0,0,0
"SBBU",39,0,0,0
"SBBU",40,2,1,3
"SBBU",41,0,0,0
"SBBU",42,2,1,3
"SBBU",43,1,1,2
"SBBU",44,0,0,0
"SBBU",45,0,0,0
"SBBU",46,0,0,0
"SBBU",47,0,0,0
"SBBU",48,2,2,4
"SBBU",49,0,0,0
"SBBU",50,1,1,2
"SBBU",51,0,0,0
"SBBU",52,0,0,0
"SBBU",53,0,0,0
"SBKP",1,606,661,1267
"SBKP",2,692,722,1414
"SBKP",3,709,740,1449
"SBKP",4,678,725,1403
"SBKP",5,713,747,1460
"SBKP",6,770,799,1569
"SBKP",7,762,776,1538
"SBKP",8,638,652,1290
"SBKP",9,674,702,1376
"SBKP",10,740,762,1502
"SBKP",11,680,677,1357
"SBKP",12,359,337,696
"SBKP",13,180,170,350
"SBKP",14,151,135,286
"SBKP",15,154,143,297
"SBKP",16,147,137,284
"SBKP",17,164,158,322
"SBKP",18,158,160,318
"SBKP",19,185,188,373
"SBKP",20,210,206,416
"SBKP",21,209,209,418
"SBKP",22,199,205,404
"SBKP",23,218,227,445
"SBKP",24,230,242,472
"SBKP",25,262,250,512
"SBKP",26,290,290,580
"SBKP",27,265,270,535
"SBKP",28,285,285,570
"SBKP",29,316,328,644
"SBKP",30,322,323,645
"SBKP",31,315,339,654
"SBKP",32,342,377,719
"SBKP",33,338,378,716
"SBKP",34,351,400,751
"SBKP",35,349,405,754
"SBKP",36,343,408,751
"SBKP",37,400,457,857
"SBKP",38,428,518,946
"SBKP",39,427,519,946
"SBKP",40,461,546,1007
"SBKP",41,448,497,945
"SBKP",42,534,584,1118
"SBKP",43,546,583,1129
"SBKP",44,532,560,1092
"SBKP",45,612,669,1281
"SBKP",46,606,672,1278
"SBKP",47,598,650,1248
"SBKP",48,596,664,1260
"SBKP",49,608,666,1274
"SBKP",50,630,711,1341
"SBKP",51,635,697,1332
"SBKP",52,502,560,1062
"SBKP",53,164,158,322
"SBUR",1,8,14,22
"SBUR",2,7,13,20
"SBUR",3,7,12,19
"SBUR",4,6,12,18
"SBUR",5,7,13,20
"SBUR",6,7,13,20
"SBUR",7,7,13,20
"SBUR",8,5,11,16
"SBUR",9,7,13,20
"SBUR",10,7,13,20
"SBUR",11,7,12,19
"SBUR",12,1,4,5
"SBUR",13,0,0,0
"SBUR",14,0,0,0
"SBUR",15,0,0,0
"SBUR",16,0,0,0
"SBUR",17,0,0,0
"SBUR",18,0,0,0
"SBUR",19,0,0,0
"SBUR",20,0,0,0
"SBUR",21,0,0,0
"SBUR",22,0,0,0
"SBUR",23,0,0,0
"SBUR",24,0,0,0
"SBUR",25,0,0,0
"SBUR",26,0,0,0
"SBUR",27,0,0,0
"SBUR",28,0,0,0
"SBUR",29,0,0,0
"SBUR",30,0,0,0
"SBUR",31,0,0,0
"SBUR",32,0,0,0
"SBUR",33,0,0,0
"SBUR",34,0,0,0
"SBUR",35,0,0,0
"SBUR",36,0,0,0
"SBUR",37,0,0,0
"SBUR",38,0,0,0
"SBUR",39,0,0,0
"SBUR",40,0,0,0
"SBUR",41,0,0,0
"SBUR",42,0,0,0
"SBUR",43,0,0,0
"SBUR",44,0,0,0
"SBUR",45,0,0,0
"SBUR",46,0,0,0
"SBUR",47,0,0,0
"SBUR",48,0,0,0
"SBUR",49,0,0,0
"SBUR",50,0,0,0
"SBUR",51,0,0,0
"SBUR",52,0,0,0
"SBUR",53,0,0,0
"SBPG",1,4,4,8
"SBPG",2,6,4,10
"SBPG",3,3,3,6
"SBPG",4,14,9,23
"SBPG",5,13,9,22
"SBPG",6,16,11,27
"SBPG",7,16,11,27
"SBPG",8,15,9,24
"SBPG",9,16,10,26
"SBPG",10,16,10,26
"SBPG",11,13,9,22
"SBPG",12,3,2,5
"SBPG",13,0,0,0
"SBPG",14,0,0,0
"SBPG",15,0,0,0
"SBPG",16,0,0,0
"SBPG",17,0,0,0
"SBPG",18,0,0,0
"SBPG",19,0,0,0
"SBPG",20,0,0,0
"SBPG",21,0,0,0
"SBPG",22,0,0,0
"SBPG",23,0,0,0
"SBPG",24,0,0,0
"SBPG",25,0,0,0
"SBPG",26,0,0,0
"SBPG",27,0,0,0
"SBPG",28,0,0,0
"SBPG",29,0,0,0
"SBPG",30,0,0,0
"SBPG",31,0,0,0
"SBPG",32,0,0,0
"SBPG",33,0,0,0
"SBPG",34,0,0,0
"SBPG",35,0,0,0
"SBPG",36,0,0,0
"SBPG",37,0,0,0
"SBPG",38,0,0,0
"SBPG",39,0,0,0
"SBPG",40,0,0,0
"SBPG",41,0,0,0
"SBPG",42,0,0,0
"SBPG",43,0,0,0
"SBPG",44,2,2,4
"SBPG",45,4,4,8
"SBPG",46,3,3,6
"SBPG",47,3,3,6
"SBPG",48,4,4,8
"SBPG",49,4,4,8
"SBPG",50,4,4,8
"SBPG",51,4,4,8
"SBPG",52,4,4,8
"SBPG",53,2,2,4
"SBTU",1,0,0,0
"SBTU",2,0,0,0
"SBTU",3,0,0,0
"SBTU",4,0,0,0
"SBTU",5,0,0,0
"SBTU",6,0,0,0
"SBTU",7,0,0,0
"SBTU",8,0,0,0
"SBTU",9,0,0,0
"SBTU",10,0,0,0
"SBTU",11,0,0,0
"SBTU",12,0,0,0
"SBTU",13,0,0,0
"SBTU",14,0,0,0
"SBTU",15,0,0,0
"SBTU",16,0,0,0
"SBTU",17,0,0,0
"SBTU",18,0,0,0
"SBTU",19,0,0,0
"SBTU",20,0,0,0
"SBTU",21,0,0,0
"SBTU",22,0,0,0
"SBTU",23,0,0,0
"SBTU",24,0,0,0
"SBTU",25,0,0,0
"SBTU",26,0,0,0
"SBTU",27,0,0,0
"SBTU",28,0,0,0
"SBTU",29,0,0,0
"SBTU",30,0,0,0
"SBTU",31,0,0,0
"SBTU",32,0,0,0
"SBTU",33,0,0,0
"SBTU",34,0,0,0
"SBTU",35,0,0,0
"SBTU",36,0,0,0
"SBTU",37,0,0,0
"SBTU",38,0,0,0
"SBTU",39,0,0,0
"SBTU",40,0,0,0
"SBTU",41,0,0,0
"SBTU",42,0,0,0
"SBTU",43,0,0,0
"SBTU",44,0,0,0
"SBTU",45,0,0,0
"SBTU",46,0,0,0
"SBTU",47,0,0,0
"SBTU",48,0,0,0
"SBTU",49,1,1,2
"SBTU",50,0,0,0
"SBTU",51,0,0,0
"SBTU",52,0,0,0
"SBTU",53,0,0,0
"SBBP",1,0,0,0
"SBBP",2,0,0,0
"SBBP",3,0,0,0
"SBBP",4,0,0,0
"SBBP",5,0,0,0
"SBBP",6,0,0,0
"SBBP",7,0,0,0
"SBBP",8,0,0,0
"SBBP",9,0,0,0
"SBBP",10,0,0,0
"SBBP",11,0,0,0
"SBBP",12,0,0,0
"SBBP",13,0,0,0
"SBBP",14,0,0,0
"SBBP",15,0,0,0
"SBBP",16,0,0,0
"SBBP",17,0,0,0
"SBBP",18,0,0,0
"SBBP",19,0,0,0
"SBBP",20,0,0,0
"SBBP",21,0,0,0
"SBBP",22,0,0,0
"SBBP",23,0,0,0
"SBBP",24,0,0,0
"SBBP",25,0,0,0
"SBBP",26,0,0,0
"SBBP",27,0,0,0
"SBBP",28,0,0,0
"SBBP",29,0,0,0
"SBBP",30,0,0,0
"SBBP",31,0,0,0
"SBBP",32,0,0,0
"SBBP",33,0,0,0
"SBBP",34,0,0,0
"SBBP",35,0,0,0
"SBBP",36,0,0,0
"SBBP",37,0,0,0
"SBBP",38,0,0,0
"SBBP",39,0,0,0
"SBBP",40,0,0,0
"SBBP",41,0,0,0
"SBBP",42,0,0,0
"SBBP",43,0,0,0
"SBBP",44,0,0,0
"SBBP",45,0,0,0
"SBBP",46,0,0,0
"SBBP",47,0,0,0
"SBBP",48,0,0,0
"SBBP",49,0,0,0
"SBBP",50,0,0,0
"SBBP",51,0,0,0
"SBBP",52,0,0,0
"SBBP",53,0,0,0
"SBMG",1,51,56,107
"SBMG",2,51,54,105
"SBMG",3,47,51,98
"SBMG",4,46,51,97
"SBMG",5,49,51,100
"SBMG",6,51,50,101
"SBMG",7,50,48,98
"SBMG",8,42,39,81
"SBMG",9,52,52,104
"SBMG",10,52,53,105
"SBMG",11,48,50,98
"SBMG",12,22,27,49
"SBMG",13,3,3,6
"SBMG",14,0,0,0
"SBMG",15,1,1,2
"SBMG",16,1,1,2
"SBMG",17,1,1,2
"SBMG",18,1,1,2
"SBMG",19,1,1,2
"SBMG",20,1,1,2
"SBMG",21,2,2,4
"SBMG",22,1,1,2
"SBMG",23,3,3,6
"SBMG",24,2,2,4
"SBMG",25,3,3,6
"SBMG",26,3,3,6
"SBMG",27,4,4,8
"SBMG",28,4,4,8
"SBMG",29,9,9,18
"SBMG",30,8,8,16
"SBMG",31,9,9,18
"SBMG",32,11,11,22
"SBMG",33,11,11,22
"SBMG",34,13,13,26
"SBMG",35,13,13,26
"SBMG",36,14,14,28
"SBMG",37,15,15,30
"SBMG",38,20,20,40
"SBMG",39,20,20,40
"SBMG",40,23,23,46
"SBMG",41,22,21,43
"SBMG",42,27,27,54
"SBMG",43,27,27,54
"SBMG",44,20,20,40
"SBMG",45,28,29,57
"SBMG",46,27,27,54
"SBMG",47,27,26,53
"SBMG",48,23,22,45
"SBMG",49,0,0,0
"SBMG",50,0,0,0
"SBMG",51,29,33,62
"SBMG",52,25,30,55
"SBMG",53,8,9,17
"SBPV",1,20,23,43
"SBPV",2,23,24,47
"SBPV",3,23,24,47
"SBPV",4,24,24,48
"SBPV",5,25,27,52
"SBPV",6,23,32,55
"SBPV",7,23,29,52
"SBPV",8,18,24,42
"SBPV",9,21,26,47
"SBPV",10,24,31,55
"SBPV",11,22,31,53
"SBPV",12,24,26,50
"SBPV",13,6,7,13
"SBPV",14,6,7,13
"SBPV",15,7,7,14
"SBPV",16,4,4,8
"SBPV",17,11,11,22
"SBPV",18,10,10,20
"SBPV",19,14,13,27
"SBPV",20,15,15,30
"SBPV",21,14,14,28
"SBPV",22,14,14,28
"SBPV",23,14,12,26
"SBPV",24,11,11,22
"SBPV",25,14,14,28
"SBPV",26,13,13,26
"SBPV",27,24,22,46
"SBPV",28,24,23,47
"SBPV",29,24,24,48
"SBPV",30,23,26,49
"SBPV",31,20,24,44
"SBPV",32,20,24,44
"SBPV",33,26,31,57
"SBPV",34,28,33,61
"SBPV",35,29,34,63
"SBPV",36,30,36,66
"SBPV",37,25,33,58
"SBPV",38,24,30,54
"SBPV",39,23,30,53
"SBPV",40,29,35,64
"SBPV",41,29,32,61
"SBPV",42,27,34,61
"SBPV",43,26,33,59
"SBPV",44,24,32,56
"SBPV",45,25,32,57
"SBPV",46,25,31,56
"SBPV",47,21,28,49
"SBPV",48,25,31,56
"SBPV",49,24,31,55
"SBPV",50,25,31,56
"SBPV",51,30,33,63
"SBPV",52,30,35,65
"SBPV",53,9,11,20
"SBAQ",1,4,4,8
"SBAQ",2,4,4,8
"SBAQ",3,5,5,10
"SBAQ",4,3,3,6
"SBAQ",5,5,5,10
"SBAQ",6,4,4,8
"SBAQ",7,4,5,9
"SBAQ",8,2,2,4
"SBAQ",9,4,4,8
"SBAQ",10,5,5,10
"SBAQ",11,4,4,8
"SBAQ",12,2,2,4
"SBAQ",13,0,0,0
"SBAQ",14,0,0,0
"SBAQ",15,0,0,0
"SBAQ",16,0,0,0
"SBAQ",17,0,0,0
"SBAQ",18,0,0,0
"SBAQ",19,0,0,0
"SBAQ",20,0,0,0
"SBAQ",21,0,0,0
"SBAQ",22,0,0,0
"SBAQ",23,0,0,0
"SBAQ",24,0,0,0
"SBAQ",25,0,0,0
"SBAQ",26,0,0,0
"SBAQ",27,0,0,0
"SBAQ",28,0,0,0
"SBAQ",29,0,0,0
"SBAQ",30,0,0,0
"SBAQ",31,0,0,0
"SBAQ",32,0,0,0
"SBAQ",33,0,0,0
"SBAQ",34,0,0,0
"SBAQ",35,0,0,0
"SBAQ",36,0,0,0
"SBAQ",37,0,0,0
"SBAQ",38,0,0,0
"SBAQ",39,0,0,0
"SBAQ",40,0,0,0
"SBAQ",41,0,0,0
"SBAQ",42,0,0,0
"SBAQ",43,0,0,0
"SBAQ",44,0,0,0
"SBAQ",45,0,0,0
"SBAQ",46,0,0,0
"SBAQ",47,0,0,0
"SBAQ",48,0,0,0
"SBAQ",49,0,0,0
"SBAQ",50,0,0,0
"SBAQ",51,0,0,0
"SBAQ",52,0,0,0
"SBAQ",53,0,0,0
"SBSJ",1,4,3,7
"SBSJ",2,6,5,11
"SBSJ",3,5,5,10
"SBSJ",4,4,4,8
"SBSJ",5,2,2,4
"SBSJ",6,1,1,2
"SBSJ",7,0,1,1
"SBSJ",8,0,1,1
"SBSJ",9,0,2,2
"SBSJ",10,0,0,0
"SBSJ",11,1,1,2
"SBSJ",12,0,0,0
"SBSJ",13,0,0,0
"SBSJ",14,0,0,0
"SBSJ",15,0,0,0
"SBSJ",16,0,0,0
"SBSJ",17,0,0,0
"SBSJ",18,0,0,0
"SBSJ",19,0,0,0
"SBSJ",20,0,0,0
"SBSJ",21,0,0,0
"SBSJ",22,0,0,0
"SBSJ",23,0,0,0
"SBSJ",24,0,0,0
"SBSJ",25,1,0,1
"SBSJ",26,0,0,0
"SBSJ",27,0,0,0
"SBSJ",28,0,0,0
"SBSJ",29,2,0,2
"SBSJ",30,1,0,1
"SBSJ",31,0,0,0
"SBSJ",32,1,3,4
"SBSJ",33,2,1,3
"SBSJ",34,1,0,1
"SBSJ",35,0,0,0
"SBSJ",36,0,0,0
"SBSJ",37,0,2,2
"SBSJ",38,3,3,6
"SBSJ",39,0,0,0
"SBSJ",40,1,0,1
"SBSJ",41,2,0,2
"SBSJ",42,0,0,0
"SBSJ",43,2,1,3
"SBSJ",44,0,0,0
"SBSJ",45,1,1,2
"SBSJ",46,0,0,0
"SBSJ",47,0,0,0
"SBSJ",48,0,0,0
"SBSJ",49,0,0,0
"SBSJ",50,0,0,0
"SBSJ",51,0,0,0
"SBSJ",52,3,2,5
"SBSJ",53,0,0,0
"SBCP",1,4,4,8
"SBCP",2,5,5,10
"SBCP",3,5,5,10
"SBCP",4,5,5,10
"SBCP",5,5,5,10
"SBCP",6,5,5,10
"SBCP",7,5,5,10
"SBCP",8,3,3,6
"SBCP",9,6,5,11
"SBCP",10,5,5,10
"SBCP",11,4,4,8
"SBCP",12,3,3,6
"SBCP",13,0,0,0
"SBCP",14,0,0,0
"SBCP",15,0,0,0
"SBCP",16,0,0,0
"SBCP",17,0,0,0
"SBCP",18,0,0,0
"SBCP",19,0,0,0
"SBCP",20,0,0,0
"SBCP",21,0,0,0
"SBCP",22,0,0,0
"SBCP",23,0,0,0
"SBCP",24,0,0,0
"SBCP",25,0,0,0
"SBCP",26,0,0,0
"SBCP",27,0,0,0
"SBCP",28,0,0,0
"SBCP",29,0,0,0
"SBCP",30,0,0,0
"SBCP",31,0,0,0
"SBCP",32,0,0,0
"SBCP",33,0,0,0
"SBCP",34,0,0,0
"SBCP",35,0,0,0
"SBCP",36,0,0,0
"SBCP",37,0,0,0
"SBCP",38,0,0,0
"SBCP",39,0,0,0
"SBCP",40,0,0,0
"SBCP",41,0,0,0
"SBCP",42,0,0,0
"SBCP",43,0,0,0
"SBCP",44,0,0,0
"SBCP",45,0,0,0
"SBCP",46,8,8,16
"SBCP",47,8,8,16
"SBCP",48,8,8,16
"SBCP",49,10,10,20
"SBCP",50,9,9,18
"SBCP",51,10,9,19
"SBCP",52,6,6,12
"SBCP",53,2,2,4
"SBUA",1,0,0,0
"SBUA",2,3,3,6
"SBUA",3,3,3,6
"SBUA",4,3,3,6
"SBUA",5,3,3,6
"SBUA",6,3,3,6
"SBUA",7,3,3,6
"SBUA",8,3,3,6
"SBUA",9,2,2,4
"SBUA",10,3,3,6
"SBUA",11,2,2,4
"SBUA",12,1,1,2
"SBUA",13,0,0,0
"SBUA",14,0,0,0
"SBUA",15,0,0,0
"SBUA",16,0,0,0
"SBUA",17,0,0,0
"SBUA",18,0,0,0
"SBUA",19,0,0,0
"SBUA",20,0,0,0
"SBUA",21,0,0,0
"SBUA",22,0,0,0
"SBUA",23,0,0,0
"SBUA",24,0,0,0
"SBUA",25,0,0,0
"SBUA",26,0,0,0
"SBUA",27,0,1,1
"SBUA",28,2,2,4
"SBUA",29,2,2,4
"SBUA",30,2,2,4
"SBUA",31,1,1,2
"SBUA",32,0,0,0
"SBUA",33,0,0,0
"SBUA",34,0,0,0
"SBUA",35,0,0,0
"SBUA",36,2,2,4
"SBUA",37,2,2,4
"SBUA",38,1,1,2
"SBUA",39,0,0,0
"SBUA",40,2,2,4
"SBUA",41,3,3,6
"SBUA",42,3,3,6
"SBUA",43,3,3,6
"SBUA",44,3,3,6
"SBUA",45,3,3,6
"SBUA",46,0,0,0
"SBUA",47,2,2,4
"SBUA",48,1,1,2
"SBUA",49,0,0,0
"SBUA",50,0,0,0
"SBUA",51,0,0,0
"SBUA",52,0,0,0
"SBUA",53,0,0,0
"SBPS",1,151,143,294
"SBPS",2,141,139,280
"SBPS",3,141,134,275
"SBPS",4,134,128,262
"SBPS",5,124,119,243
"SBPS",6,109,100,209
"SBPS",7,113,100,213
"SBPS",8,122,112,234
"SBPS",9,124,112,236
"SBPS",10,107,94,201
"SBPS",11,107,93,200
"SBPS",12,97,76,173
"SBPS",13,15,14,29
"SBPS",14,4,4,8
"SBPS",15,3,3,6
"SBPS",16,0,0,0
"SBPS",17,0,0,0
"SBPS",18,0,0,0
"SBPS",19,0,0,0
"SBPS",20,0,0,0
"SBPS",21,0,0,0
"SBPS",22,0,0,0
"SBPS",23,0,0,0
"SBPS",24,4,4,8
"SBPS",25,3,3,6
"SBPS",26,6,6,12
"SBPS",27,10,10,20
"SBPS",28,9,9,18
"SBPS",29,11,12,23
"SBPS",30,15,15,30
"SBPS",31,15,15,30
"SBPS",32,16,17,33
"SBPS",33,18,18,36
"SBPS",34,18,18,36
"SBPS",35,19,19,38
"SBPS",36,23,21,44
"SBPS",37,22,17,39
"SBPS",38,26,23,49
"SBPS",39,25,24,49
"SBPS",40,26,23,49
"SBPS",41,38,33,71
"SBPS",42,39,33,72
"SBPS",43,38,32,70
"SBPS",44,39,39,78
"SBPS",45,64,62,126
"SBPS",46,65,61,126
"SBPS",47,67,64,131
"SBPS",48,66,64,130
"SBPS",49,62,54,116
"SBPS",50,70,65,135
"SBPS",51,96,90,186
"SBPS",52,103,96,199
"SBPS",53,24,26,50
"SBSL",1,64,66,130
"SBSL",2,70,65,135
"SBSL",3,69,65,134
"SBSL",4,70,73,143
"SBSL",5,71,74,145
"SBSL",6,68,71,139
"SBSL",7,72,73,145
"SBSL",8,65,69,134
"SBSL",9,71,73,144
"SBSL",10,69,70,139
"SBSL",11,71,74,145
"SBSL",12,47,48,95
"SBSL",13,10,12,22
"SBSL",14,13,13,26
"SBSL",15,13,12,25
"SBSL",16,12,11,23
"SBSL",17,12,12,24
"SBSL",18,9,9,18
"SBSL",19,10,10,20
"SBSL",20,11,11,22
"SBSL",21,15,11,26
"SBSL",22,16,15,31
"SBSL",23,19,17,36
"SBSL",24,13,12,25
"SBSL",25,20,20,40
"SBSL",26,23,21,44
"SBSL",27,35,34,69
"SBSL",28,38,36,74
"SBSL",29,40,39,79
"SBSL",30,38,35,73
"SBSL",31,40,38,78
"SBSL",32,39,38,77
"SBSL",33,38,37,75
"SBSL",34,41,40,81
"SBSL",35,40,40,80
"SBSL",36,41,39,80
"SBSL",37,49,48,97
"SBSL",38,48,46,94
"SBSL",39,48,48,96
"SBSL",40,50,48,98
"SBSL",41,46,44,90
"SBSL",42,50,48,98
"SBSL",43,49,47,96
"SBSL",44,46,45,91
"SBSL",45,59,56,115
"SBSL",46,57,55,112
"SBSL",47,57,55,112
"SBSL",48,60,58,118
"SBSL",49,68,65,133
"SBSL",50,69,67,136
"SBSL",51,68,65,133
"SBSL",52,64,63,127
"SBSL",53,19,16,35
"SBCN",1,14,14,28
"SBCN",2,13,13,26
"SBCN",3,13,13,26
"SBCN",4,13,13,26
"SBCN",5,11,11,22
"SBCN",6,10,10,20
"SBCN",7,10,10,20
"SBCN",8,8,8,16
"SBCN",9,12,12,24
"SBCN",10,12,12,24
"SBCN",11,12,12,24
"SBCN",12,9,9,18
"SBCN",13,1,1,2
"SBCN",14,0,0,0
"SBCN",15,0,0,0
"SBCN",16,0,0,0
"SBCN",17,0,0,0
"SBCN",18,0,0,0
"SBCN",19,0,0,0
"SBCN",20,0,0,0
"SBCN",21,0,0,0
"SBCN",22,0,0,0
"SBCN",23,0,0,0
"SBCN",24,0,0,0
"SBCN",25,0,0,0
"SBCN",26,0,0,0
"SBCN",27,0,0,0
"SBCN",28,0,0,0
"SBCN",29,0,0,0
"SBCN",30,0,0,0
"SBCN",31,0,0,0
"SBCN",32,0,0,0
"SBCN",33,0,0,0
"SBCN",34,0,0,0
"SBCN",35,0,0,0
"SBCN",36,0,0,0
"SBCN",37,0,0,0
"SBCN",38,0,0,0
"SBCN",39,0,0,0
"SBCN",40,0,0,0
"SBCN",41,0,0,0
"SBCN",42,0,0,0
"SBCN",43,0,0,0
"SBCN",44,0,0,0
"SBCN",45,0,0,0
"SBCN",46,0,0,0
"SBCN",47,0,0,0
"SBCN",48,0,0,0
"SBCN",49,0,0,0
"SBCN",50,0,0,0
"SBCN",51,4,4,8
"SBCN",52,5,5,10
"SBCN",53,2,2,4
"SBMQ",1,29,29,58
"SBMQ",2,29,28,57
"SBMQ",3,29,29,58
"SBMQ",4,29,29,58
"SBMQ",5,30,30,60
"SBMQ",6,26,27,53
"SBMQ",7,28,29,57
"SBMQ",8,19,20,39
"SBMQ",9,29,31,60
"SBMQ",10,28,29,57
"SBMQ",11,25,26,51
"SBMQ",12,19,20,39
"SBMQ",13,6,6,12
"SBMQ",14,1,1,2
"SBMQ",15,1,1,2
"SBMQ",16,4,4,8
"SBMQ",17,12,12,24
"SBMQ",18,12,12,24
"SBMQ",19,9,9,18
"SBMQ",20,7,7,14
"SBMQ",21,8,8,16
"SBMQ",22,10,10,20
"SBMQ",23,10,10,20
"SBMQ",24,10,10,20
"SBMQ",25,10,10,20
"SBMQ",26,12,12,24
"SBMQ",27,14,14,28
"SBMQ",28,13,13,26
"SBMQ",29,16,16,32
"SBMQ",30,15,15,30
"SBMQ",31,18,14,32
"SBMQ",32,17,17,34
"SBMQ",33,19,18,37
"SBMQ",34,20,18,38
"SBMQ",35,21,19,40
"SBMQ",36,23,23,46
"SBMQ",37,23,23,46
"SBMQ",38,27,26,53
"SBMQ",39,24,23,47
"SBMQ",40,24,25,49
"SBMQ",41,24,25,49
"SBMQ",42,26,27,53
"SBMQ",43,24,25,49
"SBMQ",44,21,21,42
"SBMQ",45,24,25,49
"SBMQ",46,23,24,47
"SBMQ",47,25,28,53
"SBMQ",48,23,28,51
"SBMQ",49,24,24,48
"SBMQ",50,24,22,46
"SBMQ",51,24,24,48
"SBMQ",52,24,24,48
"SBMQ",53,7,7,14
"SBTT",1,5,1,6
"SBTT",2,5,1,6
"SBTT",3,6,1,7
"SBTT",4,6,1,7
"SBTT",5,6,1,7
"SBTT",6,5,0,5
"SBTT",7,5,1,6
"SBTT",8,5,5,10
"SBTT",9,6,3,9
"SBTT",10,6,3,9
"SBTT",11,7,4,11
"SBTT",12,5,3,8
"SBTT",13,3,3,6
"SBTT",14,3,3,6
"SBTT",15,4,4,8
"SBTT",16,1,1,2
"SBTT",17,0,0,0
"SBTT",18,0,0,0
"SBTT",19,0,0,0
"SBTT",20,0,0,0
"SBTT",21,0,0,0
"SBTT",22,0,0,0
"SBTT",23,0,0,0
"SBTT",24,0,0,0
"SBTT",25,0,0,0
"SBTT",26,0,0,0
"SBTT",27,3,3,6
"SBTT",28,4,4,8
"SBTT",29,4,4,8
"SBTT",30,6,6,12
"SBTT",31,6,6,12
"SBTT",32,5,5,10
"SBTT",33,6,5,11
"SBTT",34,6,6,12
"SBTT",35,6,6,12
"SBTT",36,5,5,10
"SBTT",37,7,7,14
"SBTT",38,7,7,14
"SBTT",39,7,7,14
"SBTT",40,7,7,14
"SBTT",41,5,5,10
"SBTT",42,7,7,14
"SBTT",43,5,5,10
"SBTT",44,6,6,12
"SBTT",45,6,6,12
"SBTT",46,7,7,14
"SBTT",47,6,6,12
"SBTT",48,7,7,14
"SBTT",49,7,7,14
"SBTT",50,7,7,14
"SBTT",51,6,6,12
"SBTT",52,6,6,12
"SBTT",53,2,2,4
"SBPP",1,0,0,0
"SBPP",2,0,0,0
"SBPP",3,0,0,0
"SBPP",4,0,0,0
"SBPP",5,0,0,0
"SBPP",6,0,0,0
"SBPP",7,0,0,0
"SBPP",8,0,0,0
"SBPP",9,0,0,0
"SBPP",10,0,0,0
"SBPP",11,0,0,0
"SBPP",12,0,0,0
"SBPP",13,0,0,0
"SBPP",14,0,0,0
"SBPP",15,0,0,0
"SBPP",16,0,0,0
"SBPP",17,0,0,0
"SBPP",18,0,0,0
"SBPP",19,0,0,0
"SBPP",20,0,0,0
"SBPP",21,0,0,0
"SBPP",22,0,0,0
"SBPP",23,0,0,0
"SBPP",24,0,0,0
"SBPP",25,0,0,0
"SBPP",26,0,0,0
"SBPP",27,0,0,0
"SBPP",28,0,0,0
"SBPP",29,0,0,0
"SBPP",30,0,0,0
"SBPP",31,0,0,0
"SBPP",32,0,0,0
"SBPP",33,0,0,0
"SBPP",34,0,0,0
"SBPP",35,0,0,0
"SBPP",36,0,0,0
"SBPP",37,0,0,0
"SBPP",38,0,0,0
"SBPP",39,0,0,0
"SBPP",40,0,0,0
"SBPP",41,0,0,0
"SBPP",42,0,0,0
"SBPP",43,0,0,0
"SBPP",44,0,0,0
"SBPP",45,0,0,0
"SBPP",46,0,0,0
"SBPP",47,0,0,0
"SBPP",48,0,0,0
"SBPP",49,0,0,0
"SBPP",50,0,0,0
"SBPP",51,0,0,0
"SBPP",52,0,0,0
"SBPP",53,0,0,0
"SBBV",1,14,14,28
"SBBV",2,15,15,30
"SBBV",3,14,15,29
"SBBV",4,15,15,30
"SBBV",5,14,14,28
"SBBV",6,15,15,30
"SBBV",7,14,14,28
"SBBV",8,12,12,24
"SBBV",9,14,14,28
"SBBV",10,15,15,30
"SBBV",11,15,15,30
"SBBV",12,10,11,21
"SBBV",13,1,1,2
"SBBV",14,1,1,2
"SBBV",15,1,1,2
"SBBV",16,1,1,2
"SBBV",17,3,3,6
"SBBV",18,4,4,8
"SBBV",19,3,3,6
"SBBV",20,4,4,8
"SBBV",21,4,6,10
"SBBV",22,3,5,8
"SBBV",23,4,4,8
"SBBV",24,3,3,6
"SBBV",25,3,3,6
"SBBV",26,4,5,9
"SBBV",27,9,9,18
"SBBV",28,11,11,22
"SBBV",29,10,10,20
"SBBV",30,7,8,15
"SBBV",31,7,8,15
"SBBV",32,12,12,24
"SBBV",33,12,14,26
"SBBV",34,13,16,29
"SBBV",35,15,17,32
"SBBV",36,17,17,34
"SBBV",37,18,18,36
"SBBV",38,18,21,39
"SBBV",39,17,18,35
"SBBV",40,19,19,38
"SBBV",41,18,18,36
"SBBV",42,21,23,44
"SBBV",43,18,20,38
"SBBV",44,13,14,27
"SBBV",45,16,16,32
"SBBV",46,15,17,32
"SBBV",47,18,18,36
"SBBV",48,17,19,36
"SBBV",49,18,17,35
"SBBV",50,17,19,36
"SBBV",51,17,20,37
"SBBV",52,17,18,35
"SBBV",53,5,5,10
"SBAC",1,3,3,6
"SBAC",2,3,3,6
"SBAC",3,3,3,6
"SBAC",4,3,3,6
"SBAC",5,3,3,6
"SBAC",6,3,3,6
"SBAC",7,4,3,7
"SBAC",8,4,4,8
"SBAC",9,5,5,10
"SBAC",10,5,5,10
"SBAC",11,5,5,10
"SBAC",12,3,3,6
"SBAC",13,0,0,0
"SBAC",14,0,0,0
"SBAC",15,0,0,0
"SBAC",16,0,0,0
"SBAC",17,0,0,0
"SBAC",18,0,0,0
"SBAC",19,0,0,0
"SBAC",20,0,0,0
"SBAC",21,0,0,0
"SBAC",22,0,0,0
"SBAC",23,0,0,0
"SBAC",24,0,0,0
"SBAC",25,0,0,0
"SBAC",26,0,0,0
"SBAC",27,0,0,0
"SBAC",28,0,0,0
"SBAC",29,0,0,0
"SBAC",30,0,0,0
"SBAC",31,0,0,0
"SBAC",32,0,0,0
"SBAC",33,0,0,0
"SBAC",34,0,0,0
"SBAC",35,0,0,0
"SBAC",36,0,0,0
"SBAC",37,0,0,0
"SBAC",38,0,0,0
"SBAC",39,0,0,0
"SBAC",40,0,0,0
"SBAC",41,0,0,0
"SBAC",42,0,0,0
"SBAC",43,0,0,0
"SBAC",44,0,0,0
"SBAC",45,0,0,0
"SBAC",46,0,0,0
"SBAC",47,0,0,0
"SBAC",48,0,0,0
"SBAC",49,0,0,0
"SBAC",50,0,0,0
"SBAC",51,2,2,4
"SBAC",52,2,2,4
"SBAC",53,1,1,2
"SBBI",1,0,0,0
"SBBI",2,0,0,0
"SBBI",3,0,0,0
"SBBI",4,0,0,0
"SBBI",5,0,0,0
"SBBI",6,0,0,0
"SBBI",7,0,0,0
"SBBI",8,0,0,0
"SBBI",9,0,0,0
"SBBI",10,0,0,0
"SBBI",11,0,0,0
"SBBI",12,0,0,0
"SBBI",13,0,0,0
"SBBI",14,0,0,0
"SBBI",15,0,0,0
"SBBI",16,0,0,0
"SBBI",17,0,0,0
"SBBI",18,0,0,0
"SBBI",19,0,0,0
"SBBI",20,0,0,0
"SBBI",21,0,0,0
"SBBI",22,0,0,0
"SBBI",23,0,0,0
"SBBI",24,0,0,0
"SBBI",25,0,0,0
"SBBI",26,0,0,0
"SBBI",27,0,0,0
"SBBI",28,0,0,0
"SBBI",29,0,0,0
"SBBI",30,0,0,0
"SBBI",31,0,0,0
"SBBI",32,0,0,0
"SBBI",33,0,0,0
"SBBI",34,0,0,0
"SBBI",35,0,0,0
"SBBI",36,0,0,0
"SBBI",37,0,0,0
"SBBI",38,0,0,0
"SBBI",39,0,0,0
"SBBI",40,0,0,0
"SBBI",41,0,0,0
"SBBI",42,0,0,0
"SBBI",43,0,0,0
"SBBI",44,0,0,0
"SBBI",45,0,0,0
"SBBI",46,0,0,0
"SBBI",47,0,0,0
"SBBI",48,0,0,0
"SBBI",49,0,0,0
"SBBI",50,0,0,0
"SBBI",51,0,0,0
"SBBI",52,0,0,0
"SBBI",53,0,0,0
"SBUF",1,3,3,6
"SBUF",2,3,3,6
"SBUF",3,3,3,6
"SBUF",4,3,3,6
"SBUF",5,3,3,6
"SBUF",6,3,3,6
"SBUF",7,3,3,6
"SBUF",8,3,3,6
"SBUF",9,3,3,6
"SBUF",10,3,3,6
"SBUF",11,2,2,4
"SBUF",12,1,1,2
"SBUF",13,0,0,0
"SBUF",14,0,0,0
"SBUF",15,0,0,0
"SBUF",16,0,0,0
"SBUF",17,0,0,0
"SBUF",18,0,0,0
"SBUF",19,0,0,0
"SBUF",20,0,0,0
"SBUF",21,0,0,0
"SBUF",22,0,0,0
"SBUF",23,0,0,0
"SBUF",24,0,0,0
"SBUF",25,0,0,0
"SBUF",26,0,0,0
"SBUF",27,0,0,0
"SBUF",28,0,0,0
"SBUF",29,0,0,0
"SBUF",30,0,0,0
"SBUF",31,0,0,0
"SBUF",32,0,0,0
"SBUF",33,0,0,0
"SBUF",34,0,0,0
"SBUF",35,0,0,0
"SBUF",36,0,0,0
"SBUF",37,0,0,0
"SBUF",38,0,0,0
"SBUF",39,0,0,0
"SBUF",40,0,0,0
"SBUF",41,0,0,0
"SBUF",42,0,0,0
"SBUF",43,0,0,0
"SBUF",44,0,0,0
"SBUF",45,0,0,0
"SBUF",46,0,0,0
"SBUF",47,0,0,0
"SBUF",48,0,0,0
"SBUF",49,0,0,0
"SBUF",50,0,0,0
"SBUF",51,0,0,0
"SBUF",52,0,0,0
"SBUF",53,0,0,0
"SBCZ",1,5,5,10
"SBCZ",2,5,5,10
"SBCZ",3,5,5,10
"SBCZ",4,5,5,10
"SBCZ",5,5,5,10
"SBCZ",6,5,5,10
"SBCZ",7,5,5,10
"SBCZ",8,5,5,10
"SBCZ",9,5,5,10
"SBCZ",10,5,5,10
"SBCZ",11,5,5,10
"SBCZ",12,3,3,6
"SBCZ",13,1,1,2
"SBCZ",14,0,0,0
"SBCZ",15,0,0,0
"SBCZ",16,0,0,0
"SBCZ",17,0,0,0
"SBCZ",18,0,0,0
"SBCZ",19,0,0,0
"SBCZ",20,0,0,0
"SBCZ",21,0,0,0
"SBCZ",22,0,0,0
"SBCZ",23,0,0,0
"SBCZ",24,0,0,0
"SBCZ",25,0,0,0
"SBCZ",26,0,0,0
"SBCZ",27,0,0,0
"SBCZ",28,0,0,0
"SBCZ",29,0,0,0
"SBCZ",30,0,0,0
"SBCZ",31,0,0,0
"SBCZ",32,0,0,0
"SBCZ",33,0,0,0
"SBCZ",34,0,0,0
"SBCZ",35,0,0,0
"SBCZ",36,0,0,0
"SBCZ",37,0,0,0
"SBCZ",38,0,0,0
"SBCZ",39,0,0,0
"SBCZ",40,0,0,0
"SBCZ",41,0,0,0
"SBCZ",42,1,1,2
"SBCZ",43,4,4,8
"SBCZ",44,4,4,8
"SBCZ",45,5,5,10
"SBCZ",46,6,6,12
"SBCZ",47,6,6,12
"SBCZ",48,4,4,8
"SBCZ",49,5,5,10
"SBCZ",50,3,3,6
"SBCZ",51,6,6,12
"SBCZ",52,5,5,10
"SBCZ",53,1,1,2
"SBNF",1,113,115,228
"SBNF",2,119,123,242
"SBNF",3,121,132,253
"SBNF",4,120,124,244
"SBNF",5,110,118,228
"SBNF",6,99,109,208
"SBNF",7,103,108,211
"SBNF",8,88,91,179
"SBNF",9,107,115,222
"SBNF",10,113,109,222
"SBNF",11,105,108,213
"SBNF",12,57,59,116
"SBNF",13,4,7,11
"SBNF",14,2,2,4
"SBNF",15,1,1,2
"SBNF",16,0,0,0
"SBNF",17,0,0,0
"SBNF",18,0,1,1
"SBNF",19,1,6,7
"SBNF",20,1,5,6
"SBNF",21,2,7,9
"SBNF",22,1,9,10
"SBNF",23,1,8,9
"SBNF",24,7,14,21
"SBNF",25,8,17,25
"SBNF",26,10,17,27
"SBNF",27,17,27,44
"SBNF",28,23,29,52
"SBNF",29,25,29,54
"SBNF",30,24,28,52
"SBNF",31,26,27,53
"SBNF",32,32,31,63
"SBNF",33,31,32,63
"SBNF",34,35,34,69
"SBNF",35,33,33,66
"SBNF",36,38,35,73
"SBNF",37,35,32,67
"SBNF",38,45,42,87
"SBNF",39,43,42,85
"SBNF",40,46,48,94
"SBNF",41,48,51,99
"SBNF",42,57,57,114
"SBNF",43,50,53,103
"SBNF",44,52,59,111
"SBNF",45,73,74,147
"SBNF",46,73,75,148
"SBNF",47,73,80,153
"SBNF",48,73,75,148
"SBNF",49,69,79,148
"SBNF",50,70,78,148
"SBNF",51,75,82,157
"SBNF",52,67,79,146
"SBNF",53,23,25,48
"SBJH",1,0,0,0
"SBJH",2,0,0,0
"SBJH",3,0,0,0
"SBJH",4,0,0,0
"SBJH",5,0,0,0
"SBJH",6,0,0,0
"SBJH",7,0,0,0
"SBJH",8,0,0,0
"SBJH",9,0,0,0
"SBJH",10,0,0,0
"SBJH",11,0,0,0
"SBJH",12,0,0,0
"SBJH",13,0,0,0
"SBJH",14,0,0,0
"SBJH",15,0,0,0
"SBJH",16,0,0,0
"SBJH",17,0,0,0
"SBJH",18,0,0,0
"SBJH",19,0,0,0
"SBJH",20,0,0,0
"SBJH",21,0,0,0
"SBJH",22,0,0,0
"SBJH",23,0,0,0
"SBJH",24,0,0,0
"SBJH",25,0,0,0
"SBJH",26,0,0,0
"SBJH",27,0,0,0
"SBJH",28,0,0,0
"SBJH",29,0,0,0
"SBJH",30,0,0,0
"SBJH",31,0,0,0
"SBJH",32,0,0,0
"SBJH",33,0,0,0
"SBJH",34,0,0,0
"SBJH",35,0,0,0
"SBJH",36,0,0,0
"SBJH",37,0,0,0
"SBJH",38,0,0,0
"SBJH",39,0,0,0
"SBJH",40,0,0,0
"SBJH",41,0,0,0
"SBJH",42,0,0,0
"SBJH",43,0,0,0
"SBJH",44,0,0,0
"SBJH",45,0,0,0
"SBJH",46,0,0,0
"SBJH",47,0,0,0
"SBJH",48,0,0,0
"SBJH",49,0,0,0
"SBJH",50,0,0,0
"SBJH",51,0,0,0
"SBJH",52,0,0,0
"SBJH",53,0,0,0
"SBFI",1,135,125,260
"SBFI",2,139,130,269
"SBFI",3,139,134,273
"SBFI",4,138,131,269
"SBFI",5,128,126,254
"SBFI",6,118,105,223
"SBFI",7,119,107,226
"SBFI",8,111,99,210
"SBFI",9,117,108,225
"SBFI",10,121,110,231
"SBFI",11,113,109,222
"SBFI",12,70,66,136
"SBFI",13,8,8,16
"SBFI",14,3,3,6
"SBFI",15,3,3,6
"SBFI",16,0,0,0
"SBFI",17,0,0,0
"SBFI",18,2,2,4
"SBFI",19,5,5,10
"SBFI",20,5,5,10
"SBFI",21,6,6,12
"SBFI",22,6,6,12
"SBFI",23,10,10,20
"SBFI",24,5,6,11
"SBFI",25,6,6,12
"SBFI",26,6,6,12
"SBFI",27,12,14,26
"SBFI",28,12,14,26
"SBFI",29,13,14,27
"SBFI",30,12,12,24
"SBFI",31,11,12,23
"SBFI",32,9,11,20
"SBFI",33,8,12,20
"SBFI",34,9,10,19
"SBFI",35,9,13,22
"SBFI",36,11,16,27
"SBFI",37,9,15,24
"SBFI",38,10,16,26
"SBFI",39,10,16,26
"SBFI",40,23,23,46
"SBFI",41,23,32,55
"SBFI",42,34,37,71
"SBFI",43,27,32,59
"SBFI",44,35,36,71
"SBFI",45,40,44,84
"SBFI",46,42,45,87
"SBFI",47,38,44,82
"SBFI",48,40,40,80
"SBFI",49,34,34,68
"SBFI",50,34,34,68
"SBFI",51,47,51,98
"SBFI",52,48,57,105
"SBFI",53,14,18,32
"SBMA",1,11,11,22
"SBMA",2,13,13,26
"SBMA",3,15,16,31
"SBMA",4,13,13,26
"SBMA",5,13,13,26
"SBMA",6,14,14,28
"SBMA",7,15,15,30
"SBMA",8,13,13,26
"SBMA",9,13,13,26
"SBMA",10,15,15,30
"SBMA",11,12,12,24
"SBMA",12,8,8,16
"SBMA",13,2,2,4
"SBMA",14,1,1,2
"SBMA",15,1,1,2
"SBMA",16,2,1,3
"SBMA",17,3,1,4
"SBMA",18,3,3,6
"SBMA",19,6,6,12
"SBMA",20,16,14,30
"SBMA",21,4,4,8
"SBMA",22,4,4,8
"SBMA",23,4,4,8
"SBMA",24,4,4,8
"SBMA",25,5,5,10
"SBMA",26,6,7,13
"SBMA",27,5,5,10
"SBMA",28,5,5,10
"SBMA",29,6,6,12
"SBMA",30,6,6,12
"SBMA",31,6,6,12
"SBMA",32,6,6,12
"SBMA",33,7,7,14
"SBMA",34,11,11,22
"SBMA",35,12,12,24
"SBMA",36,14,13,27
"SBMA",37,16,16,32
"SBMA",38,16,16,32
"SBMA",39,16,16,32
"SBMA",40,17,17,34
"SBMA",41,16,15,31
"SBMA",42,18,18,36
"SBMA",43,18,18,36
"SBMA",44,18,18,36
"SBMA",45,17,17,34
"SBMA",46,16,16,32
"SBMA",47,16,16,32
"SBMA",48,16,16,32
"SBMA",49,15,15,30
"SBMA",50,15,15,30
"SBMA",51,17,17,34
"SBMA",52,19,20,39
"SBMA",53,6,5,11
"SBOI",1,0,0,0
"SBOI",2,0,0,0
"SBOI",3,0,0,0
"SBOI",4,0,0,0
"SBOI",5,0,0,0
"SBOI",6,0,0,0
"SBOI",7,0,0,0
"SBOI",8,0,0,0
"SBOI",9,0,0,0
"SBOI",10,0,0,0
"SBOI",11,0,0,0
"SBOI",12,0,0,0
"SBOI",13,0,0,0
"SBOI",14,0,0,0
"SBOI",15,0,0,0
"SBOI",16,0,0,0
"SBOI",17,0,0,0
"SBOI",18,0,0,0
"SBOI",19,0,0,0
"SBOI",20,0,0,0
"SBOI",21,0,0,0
"SBOI",22,0,0,0
"SBOI",23,0,0,0
"SBOI",24,0,0,0
"SBOI",25,0,0,0
"SBOI",26,0,0,0
"SBOI",27,0,0,0
"SBOI",28,0,0,0
"SBOI",29,0,0,0
"SBOI",30,0,0,0
"SBOI",31,0,0,0
"SBOI",32,0,0,0
"SBOI",33,0,0,0
"SBOI",34,0,0,0
"SBOI",35,0,0,0
"SBOI",36,0,0,0
"SBOI",37,0,0,0
"SBOI",38,0,0,0
"SBOI",39,0,0,0
"SBOI",40,0,0,0
"SBOI",41,0,0,0
"SBOI",42,0,0,0
"SBOI",43,0,0,0
"SBOI",44,0,0,0
"SBOI",45,0,0,0
"SBOI",46,0,0,0
"SBOI",47,0,0,0
"SBOI",48,0,0,0
"SBOI",49,0,0,0
"SBOI",50,0,0,0
"SBOI",51,0,0,0
"SBOI",52,0,0,0
"SBOI",53,0,0,0
"SBUG",1,4,4,8
"SBUG",2,5,5,10
"SBUG",3,3,3,6
"SBUG",4,4,4,8
"SBUG",5,4,4,8
"SBUG",6,4,4,8
"SBUG",7,4,4,8
"SBUG",8,4,4,8
"SBUG",9,4,4,8
"SBUG",10,4,4,8
"SBUG",11,4,4,8
"SBUG",12,3,2,5
"SBUG",13,0,0,0
"SBUG",14,0,0,0
"SBUG",15,0,0,0
"SBUG",16,0,0,0
"SBUG",17,0,0,0
"SBUG",18,0,0,0
"SBUG",19,0,0,0
"SBUG",20,0,0,0
"SBUG",21,0,0,0
"SBUG",22,0,0,0
"SBUG",23,0,0,0
"SBUG",24,0,0,0
"SBUG",25,0,0,0
"SBUG",26,0,0,0
"SBUG",27,0,0,0
"SBUG",28,0,0,0
"SBUG",29,0,0,0
"SBUG",30,0,0,0
"SBUG",31,0,0,0
"SBUG",32,0,0,0
"SBUG",33,0,0,0
"SBUG",34,0,0,0
"SBUG",35,0,0,0
"SBUG",36,0,0,0
"SBUG",37,0,0,0
"SBUG",38,0,0,0
"SBUG",39,0,0,0
"SBUG",40,0,0,0
"SBUG",41,0,0,0
"SBUG",42,0,0,0
"SBUG",43,0,0,0
"SBUG",44,0,0,0
"SBUG",45,0,0,0
"SBUG",46,0,0,0
"SBUG",47,0,0,0
"SBUG",48,0,0,0
"SBUG",49,0,0,0
"SBUG",50,0,0,0
"SBUG",51,0,0,0
"SBUG",52,0,0,0
"SBUG",53,0,0,0
"SBVG",1,0,0,0
"SBVG",2,0,0,0
"SBVG",3,0,0,0
"SBVG",4,0,0,0
"SBVG",5,1,0,1
"SBVG",6,2,2,4
"SBVG",7,2,2,4
"SBVG",8,2,1,3
"SBVG",9,4,4,8
"SBVG",10,3,3,6
"SBVG",11,2,2,4
"SBVG",12,1,1,2
"SBVG",13,0,0,0
"SBVG",14,0,0,0
"SBVG",15,0,0,0
"SBVG",16,0,0,0
"SBVG",17,0,0,0
"SBVG",18,0,0,0
"SBVG",19,0,0,0
"SBVG",20,0,0,0
"SBVG",21,0,0,0
"SBVG",22,0,0,0
"SBVG",23,0,0,0
"SBVG",24,0,0,0
"SBVG",25,0,0,0
"SBVG",26,0,0,0
"SBVG",27,0,0,0
"SBVG",28,0,0,0
"SBVG",29,0,0,0
"SBVG",30,0,0,0
"SBVG",31,0,0,0
"SBVG",32,0,0,0
"SBVG",33,0,0,0
"SBVG",34,0,0,0
"SBVG",35,0,0,0
"SBVG",36,0,0,0
"SBVG",37,0,0,0
"SBVG",38,0,0,0
"SBVG",39,0,0,0
"SBVG",40,0,0,0
"SBVG",41,0,0,0
"SBVG",42,0,0,0
"SBVG",43,0,0,0
"SBVG",44,0,0,0
"SBVG",45,0,0,0
"SBVG",46,0,0,0
"SBVG",47,0,0,0
"SBVG",48,0,0,0
"SBVG",49,0,0,0
"SBVG",50,0,0,0
"SBVG",51,0,0,0
"SBVG",52,0,0,0
"SBVG",53,0,0,0
"SBJI",1,6,6,12
"SBJI",2,6,6,12
"SBJI",3,7,7,14
"SBJI",4,7,7,14
"SBJI",5,7,6,13
"SBJI",6,7,7,14
"SBJI",7,8,8,16
"SBJI",8,4,4,8
"SBJI",9,6,6,12
"SBJI",10,7,7,14
"SBJI",11,7,7,14
"SBJI",12,6,6,12
"SBJI",13,0,0,0
"SBJI",14,0,0,0
"SBJI",15,0,0,0
"SBJI",16,0,0,0
"SBJI",17,0,0,0
"SBJI",18,0,0,0
"SBJI",19,0,0,0
"SBJI",20,0,0,0
"SBJI",21,0,0,0
"SBJI",22,0,0,0
"SBJI",23,0,0,0
"SBJI",24,0,0,0
"SBJI",25,0,0,0
"SBJI",26,0,0,0
"SBJI",27,0,0,0
"SBJI",28,0,0,0
"SBJI",29,0,0,0
"SBJI",30,0,0,0
"SBJI",31,0,0,0
"SBJI",32,0,0,0
"SBJI",33,0,0,0
"SBJI",34,0,0,0
"SBJI",35,0,0,0
"SBJI",36,0,0,0
"SBJI",37,0,0,0
"SBJI",38,0,0,0
"SBJI",39,0,0,0
"SBJI",40,0,0,0
"SBJI",41,0,0,0
"SBJI",42,0,0,0
"SBJI",43,0,0,0
"SBJI",44,0,0,0
"SBJI",45,0,0,0
"SBJI",46,0,0,0
"SBJI",47,0,0,0
"SBJI",48,0,0,0
"SBJI",49,0,0,0
"SBJI",50,0,0,0
"SBJI",51,0,0,0
"SBJI",52,0,0,0
"SBJI",53,0,0,0
"SBTF",1,7,7,14
"SBTF",2,7,7,14
"SBTF",3,8,8,16
"SBTF",4,7,7,14
"SBTF",5,7,7,14
"SBTF",6,8,8,16
"SBTF",7,12,12,24
"SBTF",8,8,8,16
"SBTF",9,7,7,14
"SBTF",10,7,7,14
"SBTF",11,5,5,10
"SBTF",12,5,5,10
"SBTF",13,2,2,4
"SBTF",14,3,3,6
"SBTF",15,4,4,8
"SBTF",16,1,1,2
"SBTF",17,2,2,4
"SBTF",18,2,1,3
"SBTF",19,2,2,4
"SBTF",20,3,3,6
"SBTF",21,2,2,4
"SBTF",22,3,3,6
"SBTF",23,3,3,6
"SBTF",24,3,3,6
"SBTF",25,2,2,4
"SBTF",26,3,3,6
"SBTF",27,6,6,12
"SBTF",28,4,4,8
"SBTF",29,4,4,8
"SBTF",30,7,6,13
"SBTF",31,8,8,16
"SBTF",32,5,5,10
"SBTF",33,5,4,9
"SBTF",34,6,6,12
"SBTF",35,8,8,16
"SBTF",36,10,10,20
"SBTF",37,12,12,24
"SBTF",38,7,7,14
"SBTF",39,7,7,14
"SBTF",40,12,12,24
"SBTF",41,9,9,18
"SBTF",42,11,11,22
"SBTF",43,9,9,18
"SBTF",44,9,9,18
"SBTF",45,9,9,18
"SBTF",46,9,9,18
"SBTF",47,11,10,21
"SBTF",48,7,7,14
"SBTF",49,7,8,15
"SBTF",50,8,8,16
"SBTF",51,8,8,16
"SBTF",52,7,7,14
"SBTF",53,3,3,6
"SBRJ",1,740,795,1535
"SBRJ",2,763,825,1588
"SBRJ",3,760,813,1573
"SBRJ",4,757,816,1573
"SBRJ",5,760,811,1571
"SBRJ",6,731,786,1517
"SBRJ",7,754,812,1566
"SBRJ",8,682,722,1404
"SBRJ",9,770,817,1587
"SBRJ",10,772,840,1612
"SBRJ",11,706,769,1475
"SBRJ",12,275,312,587
"SBRJ",13,42,61,103
"SBRJ",14,43,48,91
"SBRJ",15,33,41,74
"SBRJ",16,21,30,51
"SBRJ",17,26,38,64
"SBRJ",18,24,36,60
"SBRJ",19,34,43,77
"SBRJ",20,30,38,68
"SBRJ",21,41,46,87
"SBRJ",22,47,53,100
"SBRJ",23,52,61,113
"SBRJ",24,69,77,146
"SBRJ",25,80,104,184
"SBRJ",26,81,104,185
"SBRJ",27,97,135,232
"SBRJ",28,101,137,238
"SBRJ",29,111,148,259
"SBRJ",30,122,158,280
"SBRJ",31,131,165,296
"SBRJ",32,151,175,326
"SBRJ",33,161,189,350
"SBRJ",34,156,190,346
"SBRJ",35,169,205,374
"SBRJ",36,230,274,504
"SBRJ",37,218,269,487
"SBRJ",38,227,257,484
"SBRJ",39,235,271,506
"SBRJ",40,286,328,614
"SBRJ",41,312,345,657
"SBRJ",42,332,369,701
"SBRJ",43,325,354,679
"SBRJ",44,300,334,634
"SBRJ",45,356,400,756
"SBRJ",46,387,429,816
"SBRJ",47,377,405,782
"SBRJ",48,404,442,846
"SBRJ",49,433,489,922
"SBRJ",50,436,494,930
"SBRJ",51,459,530,989
"SBRJ",52,428,487,915
"SBRJ",53,139,150,289
"SBLO",1,59,50,109
"SBLO",2,65,56,121
"SBLO",3,63,54,117
"SBLO",4,68,58,126
"SBLO",5,58,50,108
"SBLO",6,62,58,120
"SBLO",7,62,58,120
"SBLO",8,49,48,97
"SBLO",9,58,53,111
"SBLO",10,71,68,139
"SBLO",11,67,62,129
"SBLO",12,30,25,55
"SBLO",13,3,3,6
"SBLO",14,0,0,0
"SBLO",15,0,0,0
"SBLO",16,0,0,0
"SBLO",17,0,0,0
"SBLO",18,2,2,4
"SBLO",19,4,4,8
"SBLO",20,3,3,6
"SBLO",21,4,4,8
"SBLO",22,4,4,8
"SBLO",23,3,3,6
"SBLO",24,4,4,8
"SBLO",25,7,7,14
"SBLO",26,7,7,14
"SBLO",27,6,6,12
"SBLO",28,7,7,14
"SBLO",29,8,8,16
"SBLO",30,8,8,16
"SBLO",31,11,9,20
"SBLO",32,15,9,24
"SBLO",33,8,7,15
"SBLO",34,15,9,24
"SBLO",35,14,8,22
"SBLO",36,15,11,26
"SBLO",37,15,13,28
"SBLO",38,27,21,48
"SBLO",39,25,21,46
"SBLO",40,22,18,40
"SBLO",41,19,22,41
"SBLO",42,23,30,53
"SBLO",43,24,29,53
"SBLO",44,23,27,50
"SBLO",45,25,28,53
"SBLO",46,24,29,53
"SBLO",47,25,25,50
"SBLO",48,24,21,45
"SBLO",49,33,32,65
"SBLO",50,31,32,63
"SBLO",51,23,23,46
"SBLO",52,21,22,43
"SBLO",53,6,6,12
"SBDB",1,5,5,10
"SBDB",2,5,5,10
"SBDB",3,5,5,10
"SBDB",4,5,5,10
"SBDB",5,5,5,10
"SBDB",6,5,5,10
"SBDB",7,5,5,10
"SBDB",8,4,4,8
"SBDB",9,5,5,10
"SBDB",10,5,5,10
"SBDB",11,6,5,11
"SBDB",12,2,2,4
"SBDB",13,0,0,0
"SBDB",14,0,0,0
"SBDB",15,0,0,0
"SBDB",16,0,0,0
"SBDB",17,0,0,0
"SBDB",18,0,0,0
"SBDB",19,0,0,0
"SBDB",20,0,0,0
"SBDB",21,0,0,0
"SBDB",22,0,0,0
"SBDB",23,0,0,0
"SBDB",24,0,0,0
"SBDB",25,0,0,0
"SBDB",26,0,0,0
"SBDB",27,0,0,0
"SBDB",28,0,0,0
"SBDB",29,0,0,0
"SBDB",30,0,0,0
"SBDB",31,0,0,0
"SBDB",32,0,0,0
"SBDB",33,0,0,0
"SBDB",34,0,0,0
"SBDB",35,0,0,0
"SBDB",36,0,0,0
"SBDB",37,0,0,0
"SBDB",38,0,0,0
"SBDB",39,0,0,0
"SBDB",40,0,0,0
"SBDB",41,0,0,0
"SBDB",42,0,0,0
"SBDB",43,0,0,0
"SBDB",44,0,0,0
"SBDB",45,0,0,0
"SBDB",46,0,0,0
"SBDB",47,0,0,0
"SBDB",48,0,0,0
"SBDB",49,0,0,0
"SBDB",50,1,1,2
"SBDB",51,3,3,6
"SBDB",52,2,2,4
"SBDB",53,1,1,2
"SBJP",1,78,68,146
"SBJP",2,77,66,143
"SBJP",3,78,74,152
"SBJP",4,77,73,150
"SBJP",5,72,69,141
"SBJP",6,64,65,129
"SBJP",7,64,64,128
"SBJP",8,58,54,112
"SBJP",9,66,66,132
"SBJP",10,63,64,127
"SBJP",11,65,65,130
"SBJP",12,43,44,87
"SBJP",13,10,10,20
"SBJP",14,5,5,10
"SBJP",15,7,7,14
"SBJP",16,6,6,12
"SBJP",17,5,5,10
"SBJP",18,3,6,9
"SBJP",19,7,7,14
"SBJP",20,8,8,16
"SBJP",21,8,8,16
"SBJP",22,10,10,20
"SBJP",23,11,10,21
"SBJP",24,12,12,24
"SBJP",25,14,14,28
"SBJP",26,14,14,28
"SBJP",27,23,23,46
"SBJP",28,28,28,56
"SBJP",29,34,34,68
"SBJP",30,34,33,67
"SBJP",31,35,34,69
"SBJP",32,35,34,69
"SBJP",33,37,37,74
"SBJP",34,37,38,75
"SBJP",35,37,37,74
"SBJP",36,39,38,77
"SBJP",37,39,38,77
"SBJP",38,39,40,79
"SBJP",39,37,37,74
"SBJP",40,39,39,78
"SBJP",41,43,41,84
"SBJP",42,43,42,85
"SBJP",43,39,39,78
"SBJP",44,44,43,87
"SBJP",45,55,50,105
"SBJP",46,53,47,100
"SBJP",47,49,47,96
"SBJP",48,53,45,98
"SBJP",49,57,56,113
"SBJP",50,64,56,120
"SBJP",51,68,62,130
"SBJP",52,69,64,133
"SBJP",53,20,18,38
"SBVH",1,6,6,12
"SBVH",2,8,8,16
"SBVH",3,7,7,14
"SBVH",4,7,7,14
"SBVH",5,7,7,14
"SBVH",6,8,8,16
"SBVH",7,7,7,14
"SBVH",8,6,6,12
"SBVH",9,7,7,14
"SBVH",10,7,7,14
"SBVH",11,7,7,14
"SBVH",12,3,3,6
"SBVH",13,0,0,0
"SBVH",14,0,0,0
"SBVH",15,0,0,0
"SBVH",16,0,0,0
"SBVH",17,0,0,0
"SBVH",18,0,0,0
"SBVH",19,0,0,0
"SBVH",20,0,0,0
"SBVH",21,0,0,0
"SBVH",22,0,0,0
"SBVH",23,0,0,0
"SBVH",24,0,0,0
"SBVH",25,0,0,0
"SBVH",26,0,0,0
"SBVH",27,0,0,0
"SBVH",28,0,0,0
"SBVH",29,0,0,0
"SBVH",30,0,0,0
"SBVH",31,0,0,0
"SBVH",32,0,0,0
"SBVH",33,0,0,0
"SBVH",34,0,0,0
"SBVH",35,0,0,0
"SBVH",36,0,0,0
"SBVH",37,0,0,0
"SBVH",38,0,0,0
"SBVH",39,0,0,0
"SBVH",40,0,0,0
"SBVH",41,0,0,0
"SBVH",42,0,0,0
"SBVH",43,0,0,0
"SBVH",44,0,0,0
"SBVH",45,0,0,0
"SBVH",46,0,0,0
"SBVH",47,0,0,0
"SBVH",48,0,0,0
"SBVH",49,0,0,0
"SBVH",50,0,0,0
"SBVH",51,0,0,0
"SBVH",52,0,0,0
"SBVH",53,0,0,0
"SBCJ",1,12,10,22
"SBCJ",2,14,14,28
"SBCJ",3,14,13,27
"SBCJ",4,14,14,28
"SBCJ",5,14,14,28
"SBCJ",6,14,14,28
"SBCJ",7,15,14,29
"SBCJ",8,9,9,18
"SBCJ",9,17,16,33
"SBCJ",10,19,19,38
"SBCJ",11,19,19,38
"SBCJ",12,15,14,29
"SBCJ",13,0,0,0
"SBCJ",14,0,0,0
"SBCJ",15,0,0,0
"SBCJ",16,0,0,0
"SBCJ",17,0,0,0
"SBCJ",18,0,0,0
"SBCJ",19,0,0,0
"SBCJ",20,0,0,0
"SBCJ",21,0,0,0
"SBCJ",22,0,0,0
"SBCJ",23,0,0,0
"SBCJ",24,0,0,0
"SBCJ",25,0,0,0
"SBCJ",26,0,0,0
"SBCJ",27,2,2,4
"SBCJ",28,2,2,4
"SBCJ",29,3,3,6
"SBCJ",30,2,2,4
"SBCJ",31,3,3,6
"SBCJ",32,3,3,6
"SBCJ",33,0,0,0
"SBCJ",34,0,0,0
"SBCJ",35,2,2,4
"SBCJ",36,8,8,16
"SBCJ",37,8,8,16
"SBCJ",38,2,2,4
"SBCJ",39,2,2,4
"SBCJ",40,8,8,16
"SBCJ",41,9,9,18
"SBCJ",42,17,16,33
"SBCJ",43,14,14,28
"SBCJ",44,16,16,32
"SBCJ",45,10,12,22
"SBCJ",46,12,12,24
"SBCJ",47,13,13,26
"SBCJ",48,13,13,26
"SBCJ",49,13,13,26
"SBCJ",50,13,13,26
"SBCJ",51,15,15,30
"SBCJ",52,9,9,18
"SBCJ",53,1,0,1
"SBPO",1,4,4,8
"SBPO",2,6,6,12
"SBPO",3,6,6,12
"SBPO",4,6,6,12
"SBPO",5,6,6,12
"SBPO",6,6,6,12
"SBPO",7,6,6,12
"SBPO",8,3,3,6
"SBPO",9,6,6,12
"SBPO",10,6,6,12
"SBPO",11,5,5,10
"SBPO",12,4,4,8
"SBPO",13,0,0,0
"SBPO",14,0,0,0
"SBPO",15,0,0,0
"SBPO",16,0,0,0
"SBPO",17,0,0,0
"SBPO",18,0,0,0
"SBPO",19,0,0,0
"SBPO",20,0,0,0
"SBPO",21,0,0,0
"SBPO",22,0,0,0
"SBPO",23,0,0,0
"SBPO",24,0,0,0
"SBPO",25,0,0,0
"SBPO",26,0,0,0
"SBPO",27,0,0,0
"SBPO",28,0,0,0
"SBPO",29,0,0,0
"SBPO",30,0,0,0
"SBPO",31,0,0,0
"SBPO",32,0,0,0
"SBPO",33,0,0,0
"SBPO",34,0,0,0
"SBPO",35,0,0,0
"SBPO",36,0,0,0
"SBPO",37,0,0,0
"SBPO",38,0,0,0
"SBPO",39,0,0,0
"SBPO",40,0,0,0
"SBPO",41,0,0,0
"SBPO",42,0,0,0
"SBPO",43,0,0,0
"SBPO",44,0,0,0
"SBPO",45,0,0,0
"SBPO",46,0,0,0
"SBPO",47,0,0,0
"SBPO",48,0,0,0
"SBPO",49,0,0,0
"SBPO",50,0,0,0
"SBPO",51,0,0,0
"SBPO",52,0,0,0
"SBPO",53,0,0,0
"SBEG",1,156,156,312
"SBEG",2,172,179,351
"SBEG",3,167,177,344
"SBEG",4,175,187,362
"SBEG",5,168,181,349
"SBEG",6,144,163,307
"SBEG",7,147,161,308
"SBEG",8,134,149,283
"SBEG",9,133,145,278
"SBEG",10,145,160,305
"SBEG",11,149,158,307
"SBEG",12,115,120,235
"SBEG",13,71,75,146
"SBEG",14,42,38,80
"SBEG",15,37,39,76
"SBEG",16,35,36,71
"SBEG",17,41,37,78
"SBEG",18,42,39,81
"SBEG",19,43,38,81
"SBEG",20,47,36,83
"SBEG",21,47,41,88
"SBEG",22,46,41,87
"SBEG",23,46,39,85
"SBEG",24,44,40,84
"SBEG",25,59,57,116
"SBEG",26,59,53,112
"SBEG",27,76,72,148
"SBEG",28,85,75,160
"SBEG",29,101,87,188
"SBEG",30,99,94,193
"SBEG",31,94,83,177
"SBEG",32,109,100,209
"SBEG",33,115,104,219
"SBEG",34,114,111,225
"SBEG",35,115,108,223
"SBEG",36,134,127,261
"SBEG",37,152,143,295
"SBEG",38,135,142,277
"SBEG",39,122,129,251
"SBEG",40,133,125,258
"SBEG",41,136,147,283
"SBEG",42,150,144,294
"SBEG",43,149,142,291
"SBEG",44,136,135,271
"SBEG",45,136,127,263
"SBEG",46,128,125,253
"SBEG",47,133,127,260
"SBEG",48,132,129,261
"SBEG",49,159,152,311
"SBEG",50,153,139,292
"SBEG",51,154,135,289
"SBEG",52,129,119,248
"SBEG",53,37,33,70
"SBCI",1,0,0,0
"SBCI",2,0,0,0
"SBCI",3,0,0,0
"SBCI",4,0,0,0
"SBCI",5,0,0,0
"SBCI",6,0,0,0
"SBCI",7,0,0,0
"SBCI",8,0,0,0
"SBCI",9,0,0,0
"SBCI",10,0,0,0
"SBCI",11,0,0,0
"SBCI",12,0,0,0
"SBCI",13,0,0,0
"SBCI",14,0,0,0
"SBCI",15,0,0,0
"SBCI",16,0,0,0
"SBCI",17,0,0,0
"SBCI",18,0,0,0
"SBCI",19,0,0,0
"SBCI",20,0,0,0
"SBCI",21,0,0,0
"SBCI",22,0,0,0
"SBCI",23,0,0,0
"SBCI",24,0,0,0
"SBCI",25,0,0,0
"SBCI",26,0,0,0
"SBCI",27,0,0,0
"SBCI",28,0,0,0
"SBCI",29,0,0,0
"SBCI",30,0,0,0
"SBCI",31,0,0,0
"SBCI",32,0,0,0
"SBCI",33,0,0,0
"SBCI",34,0,0,0
"SBCI",35,0,0,0
"SBCI",36,0,0,0
"SBCI",37,0,0,0
"SBCI",38,0,0,0
"SBCI",39,0,0,0
"SBCI",40,0,0,0
"SBCI",41,0,0,0
"SBCI",42,0,0,0
"SBCI",43,0,0,0
"SBCI",44,0,0,0
"SBCI",45,0,0,0
"SBCI",46,0,0,0
"SBCI",47,0,0,0
"SBCI",48,0,0,0
"SBCI",49,0,0,0
"SBCI",50,0,0,0
"SBCI",51,0,0,0
"SBCI",52,0,0,0
"SBCI",53,0,0,0
"SBBG",1,1,6,7
"SBBG",2,2,6,8
"SBBG",3,0,6,6
"SBBG",4,2,6,8
"SBBG",5,1,6,7
"SBBG",6,2,6,8
"SBBG",7,3,6,9
"SBBG",8,5,6,11
"SBBG",9,2,6,8
"SBBG",10,3,6,9
"SBBG",11,3,7,10
"SBBG",12,1,3,4
"SBBG",13,0,0,0
"SBBG",14,0,0,0
"SBBG",15,0,0,0
"SBBG",16,0,0,0
"SBBG",17,0,0,0
"SBBG",18,0,0,0
"SBBG",19,0,0,0
"SBBG",20,0,0,0
"SBBG",21,0,0,0
"SBBG",22,0,0,0
"SBBG",23,0,0,0
"SBBG",24,0,0,0
"SBBG",25,0,0,0
"SBBG",26,0,0,0
"SBBG",27,0,0,0
"SBBG",28,0,0,0
"SBBG",29,0,0,0
"SBBG",30,0,0,0
"SBBG",31,0,0,0
"SBBG",32,0,0,0
"SBBG",33,0,0,0
"SBBG",34,0,0,0
"SBBG",35,0,0,0
"SBBG",36,0,0,0
"SBBG",37,0,0,0
"SBBG",38,0,0,0
"SBBG",39,0,0,0
"SBBG",40,0,0,0
"SBBG",41,0,0,0
"SBBG",42,0,0,0
"SBBG",43,0,0,0
"SBBG",44,0,0,0
"SBBG",45,0,0,0
"SBBG",46,0,0,0
"SBBG",47,0,0,0
"SBBG",48,0,0,0
"SBBG",49,0,0,0
"SBBG",50,0,0,0
"SBBG",51,0,0,0
"SBBG",52,0,0,0
"SBBG",53,0,0,0
"SBAX",1,1,1,2
"SBAX",2,1,1,2
"SBAX",3,1,1,2
"SBAX",4,1,1,2
"SBAX",5,1,1,2
"SBAX",6,2,2,4
"SBAX",7,2,2,4
"SBAX",8,2,2,4
"SBAX",9,2,2,4
"SBAX",10,2,2,4
"SBAX",11,2,2,4
"SBAX",12,1,1,2
"SBAX",13,0,0,0
"SBAX",14,0,0,0
"SBAX",15,0,0,0
"SBAX",16,0,0,0
"SBAX",17,0,0,0
"SBAX",18,0,0,0
"SBAX",19,0,0,0
"SBAX",20,0,0,0
"SBAX",21,0,0,0
"SBAX",22,0,0,0
"SBAX",23,0,0,0
"SBAX",24,0,0,0
"SBAX",25,0,0,0
"SBAX",26,0,0,0
"SBAX",27,0,0,0
"SBAX",28,0,0,0
"SBAX",29,0,0,0
"SBAX",30,0,0,0
"SBAX",31,0,0,0
"SBAX",32,0,0,0
"SBAX",33,0,0,0
"SBAX",34,0,0,0
"SBAX",35,0,0,0
"SBAX",36,0,0,0
"SBAX",37,0,0,0
"SBAX",38,0,0,0
"SBAX",39,0,0,0
"SBAX",40,0,0,0
"SBAX",41,0,0,0
"SBAX",42,0,0,0
"SBAX",43,0,0,0
"SBAX",44,0,0,0
"SBAX",45,0,0,0
"SBAX",46,0,0,0
"SBAX",47,0,0,0
"SBAX",48,0,0,0
"SBAX",49,0,0,0
"SBAX",50,0,0,0
"SBAX",51,0,0,0
"SBAX",52,0,0,0
"SBAX",53,0,0,0
"SBIZ",1,13,13,26
"SBIZ",2,14,14,28
"SBIZ",3,13,13,26
"SBIZ",4,14,15,29
"SBIZ",5,15,15,30
"SBIZ",6,13,13,26
"SBIZ",7,13,14,27
"SBIZ",8,13,13,26
"SBIZ",9,14,14,28
"SBIZ",10,12,12,24
"SBIZ",11,14,14,28
"SBIZ",12,8,8,16
"SBIZ",13,0,0,0
"SBIZ",14,0,0,0
"SBIZ",15,0,0,0
"SBIZ",16,0,0,0
"SBIZ",17,0,0,0
"SBIZ",18,1,1,2
"SBIZ",19,1,1,2
"SBIZ",20,1,1,2
"SBIZ",21,1,1,2
"SBIZ",22,1,1,2
"SBIZ",23,0,0,0
"SBIZ",24,1,1,2
"SBIZ",25,3,3,6
"SBIZ",26,4,4,8
"SBIZ",27,4,4,8
"SBIZ",28,6,6,12
"SBIZ",29,6,6,12
"SBIZ",30,8,8,16
"SBIZ",31,6,7,13
"SBIZ",32,9,9,18
"SBIZ",33,13,13,26
"SBIZ",34,15,15,30
"SBIZ",35,15,15,30
"SBIZ",36,18,18,36
"SBIZ",37,13,13,26
"SBIZ",38,8,8,16
"SBIZ",39,7,7,14
"SBIZ",40,13,13,26
"SBIZ",41,14,14,28
"SBIZ",42,17,16,33
"SBIZ",43,17,17,34
"SBIZ",44,17,17,34
"SBIZ",45,17,17,34
"SBIZ",46,17,16,33
"SBIZ",47,17,17,34
"SBIZ",48,19,19,38
"SBIZ",49,21,21,42
"SBIZ",50,21,21,42
"SBIZ",51,21,21,42
"SBIZ",52,21,21,42
"SBIZ",53,6,6,12
"SBMY",1,0,0,0
"SBMY",2,0,0,0
"SBMY",3,0,0,0
"SBMY",4,0,0,0
"SBMY",5,0,0,0
"SBMY",6,0,0,0
"SBMY",7,0,0,0
"SBMY",8,0,0,0
"SBMY",9,0,0,0
"SBMY",10,0,0,0
"SBMY",11,0,0,0
"SBMY",12,0,0,0
"SBMY",13,0,0,0
"SBMY",14,0,0,0
"SBMY",15,0,0,0
"SBMY",16,0,0,0
"SBMY",17,0,0,0
"SBMY",18,0,0,0
"SBMY",19,0,0,0
"SBMY",20,0,0,0
"SBMY",21,0,0,0
"SBMY",22,0,0,0
"SBMY",23,0,0,0
"SBMY",24,0,0,0
"SBMY",25,0,0,0
"SBMY",26,0,0,0
"SBMY",27,0,0,0
"SBMY",28,0,0,0
"SBMY",29,0,0,0
"SBMY",30,0,0,0
"SBMY",31,0,0,0
"SBMY",32,0,0,0
"SBMY",33,0,0,0
"SBMY",34,0,0,0
"SBMY",35,0,0,0
"SBMY",36,0,0,0
"SBMY",37,0,0,0
"SBMY",38,0,0,0
"SBMY",39,0,0,0
"SBMY",40,0,0,0
"SBMY",41,0,0,0
"SBMY",42,0,0,0
"SBMY",43,0,0,0
"SBMY",44,0,0,0
"SBMY",45,0,0,0
"SBMY",46,0,0,0
"SBMY",47,0,0,0
"SBMY",48,0,0,0
"SBMY",49,0,0,0
"SBMY",50,0,0,0
"SBMY",51,0,0,0
"SBMY",52,0,0,0
"SBMY",53,0,0,0
"SBPA",1,444,483,927
"SBPA",2,453,492,945
"SBPA",3,452,492,944
"SBPA",4,458,497,955
"SBPA",5,468,512,980
"SBPA",6,480,527,1007
"SBPA",7,482,522,1004
"SBPA",8,417,451,868
"SBPA",9,466,509,975
"SBPA",10,487,534,1021
"SBPA",11,448,500,948
"SBPA",12,199,223,422
"SBPA",13,36,52,88
"SBPA",14,32,36,68
"SBPA",15,25,33,58
"SBPA",16,21,31,52
"SBPA",17,21,30,51
"SBPA",18,21,27,48
"SBPA",19,35,27,62
"SBPA",20,35,29,64
"SBPA",21,36,30,66
"SBPA",22,38,36,74
"SBPA",23,35,33,68
"SBPA",24,49,48,97
"SBPA",25,55,51,106
"SBPA",26,55,48,103
"SBPA",27,62,58,120
"SBPA",28,67,69,136
"SBPA",29,75,77,152
"SBPA",30,73,76,149
"SBPA",31,75,79,154
"SBPA",32,72,84,156
"SBPA",33,74,87,161
"SBPA",34,79,95,174
"SBPA",35,81,94,175
"SBPA",36,85,96,181
"SBPA",37,100,108,208
"SBPA",38,103,119,222
"SBPA",39,111,122,233
"SBPA",40,132,146,278
"SBPA",41,148,155,303
"SBPA",42,162,167,329
"SBPA",43,166,179,345
"SBPA",44,158,170,328
"SBPA",45,201,221,422
"SBPA",46,201,221,422
"SBPA",47,216,230,446
"SBPA",48,212,224,436
"SBPA",49,222,260,482
"SBPA",50,232,274,506
"SBPA",51,270,288,558
"SBPA",52,263,274,537
"SBPA",53,79,74,153
"SBTG",1,4,4,8
"SBTG",2,3,3,6
"SBTG",3,3,3,6
"SBTG",4,3,3,6
"SBTG",5,4,4,8
"SBTG",6,7,7,14
"SBTG",7,7,7,14
"SBTG",8,3,3,6
"SBTG",9,7,7,14
"SBTG",10,7,7,14
"SBTG",11,6,6,12
"SBTG",12,5,5,10
"SBTG",13,0,0,0
"SBTG",14,0,0,0
"SBTG",15,0,0,0
"SBTG",16,0,0,0
"SBTG",17,0,0,0
"SBTG",18,0,0,0
"SBTG",19,0,0,0
"SBTG",20,0,0,0
"SBTG",21,0,0,0
"SBTG",22,0,0,0
"SBTG",23,0,0,0
"SBTG",24,0,0,0
"SBTG",25,0,0,0
"SBTG",26,0,0,0
"SBTG",27,0,0,0
"SBTG",28,0,0,0
"SBTG",29,0,0,0
"SBTG",30,0,0,0
"SBTG",31,0,0,0
"SBTG",32,0,0,0
"SBTG",33,0,0,0
"SBTG",34,0,0,0
"SBTG",35,0,0,0
"SBTG",36,1,1,2
"SBTG",37,2,2,4
"SBTG",38,2,2,4
"SBTG",39,2,2,4
"SBTG",40,2,2,4
"SBTG",41,2,2,4
"SBTG",42,1,1,2
"SBTG",43,0,0,0
"SBTG",44,0,0,0
"SBTG",45,0,0,0
"SBTG",46,0,0,0
"SBTG",47,0,0,0
"SBTG",48,0,0,0
"SBTG",49,0,0,0
"SBTG",50,0,0,0
"SBTG",51,0,0,0
"SBTG",52,0,0,0
"SBTG",53,0,0,0
"SBAR",1,57,62,119
"SBAR",2,60,64,124
"SBAR",3,59,65,124
"SBAR",4,58,66,124
"SBAR",5,58,65,123
"SBAR",6,55,60,115
"SBAR",7,53,61,114
"SBAR",8,41,45,86
"SBAR",9,46,54,100
"SBAR",10,49,57,106
"SBAR",11,45,52,97
"SBAR",12,39,46,85
"SBAR",13,9,9,18
"SBAR",14,6,6,12
"SBAR",15,4,4,8
"SBAR",16,3,4,7
"SBAR",17,4,4,8
"SBAR",18,5,5,10
"SBAR",19,7,7,14
"SBAR",20,8,8,16
"SBAR",21,9,9,18
"SBAR",22,10,8,18
"SBAR",23,11,11,22
"SBAR",24,12,12,24
"SBAR",25,17,17,34
"SBAR",26,19,18,37
"SBAR",27,23,23,46
"SBAR",28,23,23,46
"SBAR",29,22,21,43
"SBAR",30,20,20,40
"SBAR",31,22,22,44
"SBAR",32,21,22,43
"SBAR",33,28,28,56
"SBAR",34,31,32,63
"SBAR",35,32,32,64
"SBAR",36,37,38,75
"SBAR",37,37,37,74
"SBAR",38,44,44,88
"SBAR",39,42,42,84
"SBAR",40,49,51,100
"SBAR",41,52,52,104
"SBAR",42,57,55,112
"SBAR",43,56,57,113
"SBAR",44,52,55,107
"SBAR",45,62,68,130
"SBAR",46,62,67,129
"SBAR",47,62,68,130
"SBAR",48,63,67,130
"SBAR",49,65,63,128
"SBAR",50,71,64,135
"SBAR",51,64,62,126
"SBAR",52,56,56,112
"SBAR",53,16,16,32
"SBAA",1,0,0,0
"SBAA",2,0,0,0
"SBAA",3,0,0,0
"SBAA",4,0,0,0
"SBAA",5,0,0,0
"SBAA",6,0,0,0
"SBAA",7,0,0,0
"SBAA",8,0,0,0
"SBAA",9,0,0,0
"SBAA",10,0,0,0
"SBAA",11,0,0,0
"SBAA",12,0,0,0
"SBAA",13,0,0,0
"SBAA",14,0,0,0
"SBAA",15,0,0,0
"SBAA",16,0,0,0
"SBAA",17,0,0,0
"SBAA",18,0,0,0
"SBAA",19,0,0,0
"SBAA",20,0,0,0
"SBAA",21,0,0,0
"SBAA",22,0,0,0
"SBAA",23,0,0,0
"SBAA",24,0,0,0
"SBAA",25,0,0,0
"SBAA",26,0,0,0
"SBAA",27,0,0,0
"SBAA",28,0,0,0
"SBAA",29,0,0,0
"SBAA",30,0,0,0
"SBAA",31,0,0,0
"SBAA",32,0,0,0
"SBAA",33,0,0,0
"SBAA",34,0,0,0
"SBAA",35,0,0,0
"SBAA",36,0,0,0
"SBAA",37,0,0,0
"SBAA",38,0,0,0
"SBAA",39,0,0,0
"SBAA",40,0,0,0
"SBAA",41,0,0,0
"SBAA",42,0,0,0
"SBAA",43,0,0,0
"SBAA",44,0,0,0
"SBAA",45,0,0,0
"SBAA",46,0,0,0
"SBAA",47,0,0,0
"SBAA",48,0,0,0
"SBAA",49,0,0,0
"SBAA",50,0,0,0
"SBAA",51,0,0,0
"SBAA",52,0,0,0
"SBAA",53,0,0,0
"SBJR",1,7,7,14
"SBJR",2,10,12,22
"SBJR",3,8,9,17
"SBJR",4,10,10,20
"SBJR",5,12,12,24
"SBJR",6,9,11,20
"SBJR",7,9,9,18
"SBJR",8,10,10,20
"SBJR",9,10,10,20
"SBJR",10,9,9,18
"SBJR",11,10,10,20
"SBJR",12,2,2,4
"SBJR",13,0,0,0
"SBJR",14,0,0,0
"SBJR",15,0,0,0
"SBJR",16,0,0,0
"SBJR",17,0,0,0
"SBJR",18,0,0,0
"SBJR",19,0,0,0
"SBJR",20,0,0,0
"SBJR",21,0,0,0
"SBJR",22,0,0,0
"SBJR",23,0,0,0
"SBJR",24,0,0,0
"SBJR",25,0,0,0
"SBJR",26,0,0,0
"SBJR",27,0,0,0
"SBJR",28,0,0,0
"SBJR",29,0,0,0
"SBJR",30,0,0,0
"SBJR",31,0,0,0
"SBJR",32,0,0,0
"SBJR",33,0,0,0
"SBJR",34,0,0,0
"SBJR",35,0,0,0
"SBJR",36,0,0,0
"SBJR",37,0,0,0
"SBJR",38,0,0,0
"SBJR",39,0,0,0
"SBJR",40,0,0,0
"SBJR",41,0,0,0
"SBJR",42,0,0,0
"SBJR",43,0,0,0
"SBJR",44,0,0,0
"SBJR",45,0,0,0
"SBJR",46,0,0,0
"SBJR",47,0,0,0
"SBJR",48,0,0,0
"SBJR",49,0,0,0
"SBJR",50,0,0,0
"SBJR",51,0,0,0
"SBJR",52,0,0,0
"SBJR",53,0,0,0
"SBTB",1,0,0,0
"SBTB",2,0,0,0
"SBTB",3,0,0,0
"SBTB",4,0,0,0
"SBTB",5,0,0,0
"SBTB",6,0,0,0
"SBTB",7,0,0,0
"SBTB",8,0,0,0
"SBTB",9,0,0,0
"SBTB",10,3,3,6
"SBTB",11,3,3,6
"SBTB",12,3,3,6
"SBTB",13,2,2,4
"SBTB",14,0,0,0
"SBTB",15,2,2,4
"SBTB",16,1,1,2
"SBTB",17,0,0,0
"SBTB",18,1,1,2
"SBTB",19,1,1,2
"SBTB",20,1,1,2
"SBTB",21,3,3,6
"SBTB",22,3,3,6
"SBTB",23,3,3,6
"SBTB",24,4,2,6
"SBTB",25,4,4,8
"SBTB",26,4,4,8
"SBTB",27,8,8,16
"SBTB",28,4,4,8
"SBTB",29,10,10,20
"SBTB",30,4,4,8
"SBTB",31,7,7,14
"SBTB",32,4,4,8
"SBTB",33,3,3,6
"SBTB",34,3,3,6
"SBTB",35,4,4,8
"SBTB",36,4,4,8
"SBTB",37,5,5,10
"SBTB",38,3,3,6
"SBTB",39,3,3,6
"SBTB",40,3,4,7
"SBTB",41,3,3,6
"SBTB",42,4,4,8
"SBTB",43,4,4,8
"SBTB",44,3,3,6
"SBTB",45,5,5,10
"SBTB",46,3,3,6
"SBTB",47,4,4,8
"SBTB",48,3,3,6
"SBTB",49,5,5,10
"SBTB",50,4,4,8
"SBTB",51,4,4,8
"SBTB",52,3,3,6
"SBTB",53,1,1,2
"SBCY",1,157,173,330
"SBCY",2,189,209,398
"SBCY",3,185,196,381
"SBCY",4,188,200,388
"SBCY",5,183,195,378
"SBCY",6,188,195,383
"SBCY",7,182,189,371
"SBCY",8,144,156,300
"SBCY",9,180,192,372
"SBCY",10,179,194,373
"SBCY",11,176,185,361
"SBCY",12,111,106,217
"SBCY",13,30,33,63
"SBCY",14,24,24,48
"SBCY",15,21,21,42
"SBCY",16,19,19,38
"SBCY",17,22,22,44
"SBCY",18,20,20,40
"SBCY",19,23,25,48
"SBCY",20,25,25,50
"SBCY",21,25,25,50
"SBCY",22,25,25,50
"SBCY",23,24,25,49
"SBCY",24,30,30,60
"SBCY",25,42,42,84
"SBCY",26,46,45,91
"SBCY",27,58,60,118
"SBCY",28,58,60,118
"SBCY",29,72,73,145
"SBCY",30,67,70,137
"SBCY",31,74,78,152
"SBCY",32,75,80,155
"SBCY",33,81,88,169
"SBCY",34,81,92,173
"SBCY",35,85,100,185
"SBCY",36,91,103,194
"SBCY",37,103,116,219
"SBCY",38,92,92,184
"SBCY",39,90,94,184
"SBCY",40,89,104,193
"SBCY",41,82,94,176
"SBCY",42,93,108,201
"SBCY",43,97,111,208
"SBCY",44,96,106,202
"SBCY",45,118,128,246
"SBCY",46,116,129,245
"SBCY",47,112,122,234
"SBCY",48,118,128,246
"SBCY",49,137,144,281
"SBCY",50,140,146,286
"SBCY",51,138,149,287
"SBCY",52,130,132,262
"SBCY",53,42,36,78
"SBMT",1,0,0,0
"SBMT",2,0,0,0
"SBMT",3,0,0,0
"SBMT",4,0,0,0
"SBMT",5,0,0,0
"SBMT",6,0,0,0
"SBMT",7,0,0,0
"SBMT",8,0,0,0
"SBMT",9,0,0,0
"SBMT",10,0,0,0
"SBMT",11,0,0,0
"SBMT",12,0,0,0
"SBMT",13,0,0,0
"SBMT",14,0,0,0
"SBMT",15,0,0,0
"SBMT",16,0,0,0
"SBMT",17,0,0,0
"SBMT",18,0,0,0
"SBMT",19,0,0,0
"SBMT",20,0,0,0
"SBMT",21,0,0,0
"SBMT",22,0,0,0
"SBMT",23,0,0,0
"SBMT",24,2,1,3
"SBMT",25,1,1,2
"SBMT",26,0,0,0
"SBMT",27,2,2,4
"SBMT",28,1,1,2
"SBMT",29,3,3,6
"SBMT",30,4,4,8
"SBMT",31,2,2,4
"SBMT",32,0,0,0
"SBMT",33,0,0,0
"SBMT",34,0,0,0
"SBMT",35,1,2,3
"SBMT",36,3,3,6
"SBMT",37,1,1,2
"SBMT",38,3,3,6
"SBMT",39,4,4,8
"SBMT",40,0,0,0
"SBMT",41,2,2,4
"SBMT",42,0,0,0
"SBMT",43,2,2,4
"SBMT",44,2,1,3
"SBMT",45,0,0,0
"SBMT",46,2,2,4
"SBMT",47,0,0,0
"SBMT",48,0,0,0
"SBMT",49,0,0,0
"SBMT",50,0,0,0
"SBMT",51,0,0,0
"SBMT",52,0,0,0
"SBMT",53,0,0,0
"SBGR",1,1684,1807,3491
"SBGR",2,1763,1828,3591
"SBGR",3,1771,1804,3575
"SBGR",4,1782,1839,3621
"SBGR",5,1757,1820,3577
"SBGR",6,1725,1737,3462
"SBGR",7,1778,1813,3591
"SBGR",8,1581,1599,3180
"SBGR",9,1734,1769,3503
"SBGR",10,1750,1778,3528
"SBGR",11,1716,1760,3476
"SBGR",12,1074,1028,2102
"SBGR",13,330,302,632
"SBGR",14,220,196,416
"SBGR",15,186,186,372
"SBGR",16,191,173,364
"SBGR",17,176,152,328
"SBGR",18,180,155,335
"SBGR",19,205,222,427
"SBGR",20,183,218,401
"SBGR",21,195,248,443
"SBGR",22,190,225,415
"SBGR",23,192,260,452
"SBGR",24,241,304,545
"SBGR",25,281,376,657
"SBGR",26,292,389,681
"SBGR",27,396,486,882
"SBGR",28,417,514,931
"SBGR",29,473,570,1043
"SBGR",30,453,556,1009
"SBGR",31,487,600,1087
"SBGR",32,557,702,1259
"SBGR",33,623,766,1389
"SBGR",34,664,795,1459
"SBGR",35,665,803,1468
"SBGR",36,741,891,1632
"SBGR",37,724,859,1583
"SBGR",38,770,901,1671
"SBGR",39,783,910,1693
"SBGR",40,828,941,1769
"SBGR",41,892,1026,1918
"SBGR",42,932,1056,1988
"SBGR",43,903,1040,1943
"SBGR",44,891,1011,1902
"SBGR",45,965,1116,2081
"SBGR",46,958,1126,2084
"SBGR",47,990,1144,2134
"SBGR",48,972,1148,2120
"SBGR",49,1058,1231,2289
"SBGR",50,1060,1244,2304
"SBGR",51,1120,1261,2381
"SBGR",52,1067,1244,2311
"SBGR",53,322,346,668
"SBBH",1,0,2,2
"SBBH",2,2,1,3
"SBBH",3,4,5,9
"SBBH",4,1,0,1
"SBBH",5,2,1,3
"SBBH",6,1,4,5
"SBBH",7,2,2,4
"SBBH",8,2,4,6
"SBBH",9,2,3,5
"SBBH",10,2,1,3
"SBBH",11,5,5,10
"SBBH",12,17,0,17
"SBBH",13,3,0,3
"SBBH",14,0,0,0
"SBBH",15,0,0,0
"SBBH",16,0,0,0
"SBBH",17,0,0,0
"SBBH",18,0,0,0
"SBBH",19,0,0,0
"SBBH",20,0,0,0
"SBBH",21,0,0,0
"SBBH",22,0,0,0
"SBBH",23,1,1,2
"SBBH",24,0,0,0
"SBBH",25,0,0,0
"SBBH",26,0,1,1
"SBBH",27,0,1,1
"SBBH",28,2,2,4
"SBBH",29,0,2,2
"SBBH",30,3,3,6
"SBBH",31,1,2,3
"SBBH",32,3,3,6
"SBBH",33,0,1,1
"SBBH",34,0,0,0
"SBBH",35,0,0,0
"SBBH",36,0,0,0
"SBBH",37,0,0,0
"SBBH",38,0,0,0
"SBBH",39,0,0,0
"SBBH",40,0,0,0
"SBBH",41,0,0,0
"SBBH",42,0,0,0
"SBBH",43,0,0,0
"SBBH",44,0,0,0
"SBBH",45,0,0,0
"SBBH",46,0,0,0
"SBBH",47,0,0,0
"SBBH",48,0,0,0
"SBBH",49,3,3,6
"SBBH",50,0,0,0
"SBBH",51,0,0,0
"SBBH",52,0,0,0
"SBBH",53,0,0,0
"SBLJ",1,4,4,8
"SBLJ",2,6,6,12
"SBLJ",3,6,6,12
"SBLJ",4,5,5,10
"SBLJ",5,6,6,12
"SBLJ",6,5,5,10
"SBLJ",7,5,5,10
"SBLJ",8,3,3,6
"SBLJ",9,4,4,8
"SBLJ",10,5,5,10
"SBLJ",11,4,4,8
"SBLJ",12,1,1,2
"SBLJ",13,0,0,0
"SBLJ",14,0,0,0
"SBLJ",15,0,0,0
"SBLJ",16,0,0,0
"SBLJ",17,0,0,0
"SBLJ",18,0,0,0
"SBLJ",19,0,0,0
"SBLJ",20,0,0,0
"SBLJ",21,0,0,0
"SBLJ",22,0,0,0
"SBLJ",23,0,0,0
"SBLJ",24,0,0,0
"SBLJ",25,0,0,0
"SBLJ",26,0,0,0
"SBLJ",27,0,0,0
"SBLJ",28,0,0,0
"SBLJ",29,0,0,0
"SBLJ",30,0,0,0
"SBLJ",31,0,0,0
"SBLJ",32,0,0,0
"SBLJ",33,0,0,0
"SBLJ",34,0,0,0
"SBLJ",35,0,0,0
"SBLJ",36,0,0,0
"SBLJ",37,0,0,0
"SBLJ",38,0,0,0
"SBLJ",39,0,0,0
"SBLJ",40,0,0,0
"SBLJ",41,0,0,0
"SBLJ",42,0,0,0
"SBLJ",43,0,0,0
"SBLJ",44,0,0,0
"SBLJ",45,0,0,0
"SBLJ",46,0,0,0
"SBLJ",47,0,0,0
"SBLJ",48,0,0,0
"SBLJ",49,0,0,0
"SBLJ",50,0,0,0
"SBLJ",51,0,0,0
"SBLJ",52,0,0,0
"SBLJ",53,0,0,0
"SBFZ",1,263,265,528
"SBFZ",2,267,276,543
"SBFZ",3,269,284,553
"SBFZ",4,271,275,546
"SBFZ",5,269,254,523
"SBFZ",6,254,237,491
"SBFZ",7,267,256,523
"SBFZ",8,261,261,522
"SBFZ",9,276,270,546
"SBFZ",10,276,274,550
"SBFZ",11,276,273,549
"SBFZ",12,177,181,358
"SBFZ",13,30,28,58
"SBFZ",14,20,15,35
"SBFZ",15,20,17,37
"SBFZ",16,22,17,39
"SBFZ",17,18,17,35
"SBFZ",18,16,19,35
"SBFZ",19,30,25,55
"SBFZ",20,31,25,56
"SBFZ",21,32,26,58
"SBFZ",22,37,32,69
"SBFZ",23,40,34,74
"SBFZ",24,43,37,80
"SBFZ",25,50,46,96
"SBFZ",26,51,48,99
"SBFZ",27,68,66,134
"SBFZ",28,63,58,121
"SBFZ",29,66,61,127
"SBFZ",30,56,54,110
"SBFZ",31,58,58,116
"SBFZ",32,68,61,129
"SBFZ",33,73,67,140
"SBFZ",34,77,68,145
"SBFZ",35,81,75,156
"SBFZ",36,88,87,175
"SBFZ",37,89,97,186
"SBFZ",38,92,109,201
"SBFZ",39,89,107,196
"SBFZ",40,103,126,229
"SBFZ",41,112,145,257
"SBFZ",42,119,160,279
"SBFZ",43,121,162,283
"SBFZ",44,124,156,280
"SBFZ",45,133,157,290
"SBFZ",46,131,152,283
"SBFZ",47,137,158,295
"SBFZ",48,138,161,299
"SBFZ",49,156,178,334
"SBFZ",50,156,182,338
"SBFZ",51,191,227,418
"SBFZ",52,185,218,403
"SBFZ",53,58,66,124
"SBMO",1,126,131,257
"SBMO",2,124,134,258
"SBMO",3,130,137,267
"SBMO",4,127,133,260
"SBMO",5,115,120,235
"SBMO",6,100,102,202
"SBMO",7,99,107,206
"SBMO",8,89,95,184
"SBMO",9,98,104,202
"SBMO",10,92,97,189
"SBMO",11,87,95,182
"SBMO",12,67,78,145
"SBMO",13,14,15,29
"SBMO",14,12,12,24
"SBMO",15,10,10,20
"SBMO",16,11,11,22
"SBMO",17,6,6,12
"SBMO",18,6,10,16
"SBMO",19,9,9,18
"SBMO",20,10,10,20
"SBMO",21,13,12,25
"SBMO",22,14,14,28
"SBMO",23,11,11,22
"SBMO",24,10,10,20
"SBMO",25,12,12,24
"SBMO",26,12,13,25
"SBMO",27,24,24,48
"SBMO",28,29,29,58
"SBMO",29,29,29,58
"SBMO",30,28,28,56
"SBMO",31,28,28,56
"SBMO",32,32,32,64
"SBMO",33,34,34,68
"SBMO",34,35,35,70
"SBMO",35,34,34,68
"SBMO",36,40,39,79
"SBMO",37,36,36,72
"SBMO",38,48,48,96
"SBMO",39,48,48,96
"SBMO",40,56,58,114
"SBMO",41,60,63,123
"SBMO",42,68,69,137
"SBMO",43,67,68,135
"SBMO",44,67,67,134
"SBMO",45,84,84,168
"SBMO",46,83,84,167
"SBMO",47,82,85,167
"SBMO",48,86,85,171
"SBMO",49,81,78,159
"SBMO",50,88,80,168
"SBMO",51,102,90,192
"SBMO",52,117,109,226
"SBMO",53,34,31,65
"SBFL",1,248,238,486
"SBFL",2,264,248,512
"SBFL",3,265,248,513
"SBFL",4,266,251,517
"SBFL",5,255,235,490
"SBFL",6,241,228,469
"SBFL",7,246,226,472
"SBFL",8,229,207,436
"SBFL",9,235,223,458
"SBFL",10,218,210,428
"SBFL",11,214,206,420
"SBFL",12,108,115,223
"SBFL",13,19,23,42
"SBFL",14,14,15,29
"SBFL",15,17,15,32
"SBFL",16,16,16,32
"SBFL",17,16,14,30
"SBFL",18,13,16,29
"SBFL",19,16,22,38
"SBFL",20,22,25,47
"SBFL",21,23,23,46
"SBFL",22,21,23,44
"SBFL",23,25,29,54
"SBFL",24,29,33,62
"SBFL",25,32,39,71
"SBFL",26,28,37,65
"SBFL",27,25,25,50
"SBFL",28,27,30,57
"SBFL",29,35,36,71
"SBFL",30,38,35,73
"SBFL",31,37,34,71
"SBFL",32,42,42,84
"SBFL",33,47,46,93
"SBFL",34,48,50,98
"SBFL",35,48,51,99
"SBFL",36,54,59,113
"SBFL",37,55,60,115
"SBFL",38,62,62,124
"SBFL",39,63,58,121
"SBFL",40,65,66,131
"SBFL",41,68,76,144
"SBFL",42,81,82,163
"SBFL",43,76,78,154
"SBFL",44,87,89,176
"SBFL",45,103,118,221
"SBFL",46,101,111,212
"SBFL",47,105,108,213
"SBFL",48,103,114,217
"SBFL",49,106,110,216
"SBFL",50,103,118,221
"SBFL",51,117,121,238
"SBFL",52,116,119,235
"SBFL",53,36,37,73
"SBMD",1,3,3,6
"SBMD",2,3,3,6
"SBMD",3,2,2,4
"SBMD",4,3,3,6
"SBMD",5,3,3,6
"SBMD",6,3,3,6
"SBMD",7,3,3,6
"SBMD",8,3,3,6
"SBMD",9,3,3,6
"SBMD",10,3,3,6
"SBMD",11,3,3,6
"SBMD",12,3,3,6
"SBMD",13,4,3,7
"SBMD",14,0,0,0
"SBMD",15,0,0,0
"SBMD",16,2,2,4
"SBMD",17,3,3,6
"SBMD",18,1,1,2
"SBMD",19,2,2,4
"SBMD",20,3,3,6
"SBMD",21,3,3,6
"SBMD",22,3,3,6
"SBMD",23,3,3,6
"SBMD",24,3,3,6
"SBMD",25,3,3,6
"SBMD",26,3,3,6
"SBMD",27,3,3,6
"SBMD",28,3,3,6
"SBMD",29,4,4,8
"SBMD",30,3,3,6
"SBMD",31,3,3,6
"SBMD",32,3,3,6
"SBMD",33,3,3,6
"SBMD",34,4,4,8
"SBMD",35,5,5,10
"SBMD",36,6,6,12
"SBMD",37,7,7,14
"SBMD",38,7,7,14
"SBMD",39,7,7,14
"SBMD",40,6,6,12
"SBMD",41,6,6,12
"SBMD",42,6,6,12
"SBMD",43,6,6,12
"SBMD",44,4,4,8
"SBMD",45,7,7,14
"SBMD",46,7,7,14
"SBMD",47,6,6,12
"SBMD",48,6,6,12
"SBMD",49,7,7,14
"SBMD",50,7,7,14
"SBMD",51,7,7,14
"SBMD",52,3,3,6
"SBMD",53,1,1,2
"SBME",1,10,10,20
"SBME",2,11,11,22
"SBME",3,9,9,18
"SBME",4,11,11,22
"SBME",5,16,12,28
"SBME",6,18,16,34
"SBME",7,18,16,34
"SBME",8,19,17,36
"SBME",9,15,11,26
"SBME",10,22,20,42
"SBME",11,19,17,36
"SBME",12,15,14,29
"SBME",13,0,0,0
"SBME",14,0,0,0
"SBME",15,0,0,0
"SBME",16,0,0,0
"SBME",17,0,0,0
"SBME",18,0,0,0
"SBME",19,0,0,0
"SBME",20,0,0,0
"SBME",21,0,0,0
"SBME",22,0,0,0
"SBME",23,0,0,0
"SBME",24,0,0,0
"SBME",25,0,0,0
"SBME",26,0,0,0
"SBME",27,0,0,0
"SBME",28,0,0,0
"SBME",29,0,0,0
"SBME",30,0,0,0
"SBME",31,0,0,0
"SBME",32,0,0,0
"SBME",33,0,0,0
"SBME",34,0,0,0
"SBME",35,0,0,0
"SBME",36,0,0,0
"SBME",37,0,0,0
"SBME",38,0,0,0
"SBME",39,0,0,0
"SBME",40,0,0,0
"SBME",41,0,0,0
"SBME",42,0,0,0
"SBME",43,0,0,0
"SBME",44,0,0,0
"SBME",45,0,0,0
"SBME",46,10,8,18
"SBME",47,9,7,16
"SBME",48,10,9,19
"SBME",49,11,10,21
"SBME",50,11,10,21
"SBME",51,9,9,18
"SBME",52,4,3,7
"SBME",53,2,2,4
"SBTD",1,5,5,10
"SBTD",2,6,6,12
"SBTD",3,6,6,12
"SBTD",4,6,6,12
"SBTD",5,4,4,8
"SBTD",6,5,5,10
"SBTD",7,5,5,10
"SBTD",8,3,3,6
"SBTD",9,5,5,10
"SBTD",10,5,5,10
"SBTD",11,4,4,8
"SBTD",12,4,4,8
"SBTD",13,0,0,0
"SBTD",14,0,0,0
"SBTD",15,0,0,0
"SBTD",16,0,0,0
"SBTD",17,0,0,0
"SBTD",18,0,0,0
"SBTD",19,0,0,0
"SBTD",20,0,0,0
"SBTD",21,0,0,0
"SBTD",22,0,0,0
"SBTD",23,0,0,0
"SBTD",24,0,0,0
"SBTD",25,0,0,0
"SBTD",26,0,0,0
"SBTD",27,0,0,0
"SBTD",28,0,0,0
"SBTD",29,0,0,0
"SBTD",30,0,0,0
"SBTD",31,0,0,0
"SBTD",32,0,0,0
"SBTD",33,0,0,0
"SBTD",34,0,0,0
"SBTD",35,0,0,0
"SBTD",36,0,0,0
"SBTD",37,0,0,0
"SBTD",38,0,0,0
"SBTD",39,0,0,0
"SBTD",40,0,0,0
"SBTD",41,0,0,0
"SBTD",42,0,0,0
"SBTD",43,0,0,0
"SBTD",44,0,0,0
"SBTD",45,0,0,0
"SBTD",46,0,0,0
"SBTD",47,0,0,0
"SBTD",48,0,0,0
"SBTD",49,0,0,0
"SBTD",50,0,0,0
"SBTD",51,0,0,0
"SBTD",52,0,0,0
"SBTD",53,0,0,0
"SBJE",1,17,16,33
"SBJE",2,14,14,28
"SBJE",3,13,13,26
"SBJE",4,13,13,26
"SBJE",5,12,12,24
"SBJE",6,10,9,19
"SBJE",7,11,11,22
"SBJE",8,29,28,57
"SBJE",9,28,27,55
"SBJE",10,27,27,54
"SBJE",11,27,26,53
"SBJE",12,14,14,28
"SBJE",13,0,0,0
"SBJE",14,0,0,0
"SBJE",15,0,0,0
"SBJE",16,0,0,0
"SBJE",17,0,0,0
"SBJE",18,0,0,0
"SBJE",19,0,0,0
"SBJE",20,0,0,0
"SBJE",21,0,0,0
"SBJE",22,0,0,0
"SBJE",23,0,0,0
"SBJE",24,0,0,0
"SBJE",25,0,0,0
"SBJE",26,0,0,0
"SBJE",27,0,0,0
"SBJE",28,0,0,0
"SBJE",29,0,0,0
"SBJE",30,0,0,0
"SBJE",31,0,0,0
"SBJE",32,0,0,0
"SBJE",33,0,0,0
"SBJE",34,0,0,0
"SBJE",35,0,0,0
"SBJE",36,0,0,0
"SBJE",37,0,0,0
"SBJE",38,0,0,0
"SBJE",39,0,0,0
"SBJE",40,0,0,0
"SBJE",41,0,0,0
"SBJE",42,0,0,0
"SBJE",43,0,0,0
"SBJE",44,0,0,0
"SBJE",45,0,0,0
"SBJE",46,0,0,0
"SBJE",47,1,1,2
"SBJE",48,2,2,4
"SBJE",49,4,4,8
"SBJE",50,5,5,10
"SBJE",51,31,25,56
"SBJE",52,31,26,57
"SBJE",53,9,8,17
"SBRD",1,0,0,0
"SBRD",2,0,0,0
"SBRD",3,0,0,0
"SBRD",4,0,0,0
"SBRD",5,1,1,2
"SBRD",6,0,0,0
"SBRD",7,1,1,2
"SBRD",8,0,0,0
"SBRD",9,0,0,0
"SBRD",10,0,0,0
"SBRD",11,0,0,0
"SBRD",12,0,0,0
"SBRD",13,0,0,0
"SBRD",14,0,0,0
"SBRD",15,0,0,0
"SBRD",16,0,0,0
"SBRD",17,0,0,0
"SBRD",18,0,0,0
"SBRD",19,0,0,0
"SBRD",20,0,0,0
"SBRD",21,0,0,0
"SBRD",22,0,0,0
"SBRD",23,0,0,0
"SBRD",24,0,0,0
"SBRD",25,1,1,2
"SBRD",26,3,3,6
"SBRD",27,3,3,6
"SBRD",28,4,4,8
"SBRD",29,4,4,8
"SBRD",30,3,3,6
"SBRD",31,4,4,8
"SBRD",32,3,3,6
"SBRD",33,4,4,8
"SBRD",34,3,3,6
"SBRD",35,6,6,12
"SBRD",36,8,8,16
"SBRD",37,9,9,18
"SBRD",38,9,9,18
"SBRD",39,9,9,18
"SBRD",40,7,7,14
"SBRD",41,6,6,12
"SBRD",42,8,8,16
"SBRD",43,8,8,16
"SBRD",44,5,5,10
"SBRD",45,2,3,5
"SBRD",46,0,0,0
"SBRD",47,0,0,0
"SBRD",48,0,0,0
"SBRD",49,0,0,0
"SBRD",50,0,0,0
"SBRD",51,0,0,0
"SBRD",52,0,0,0
"SBRD",53,0,0,0
"SBRP",1,116,130,246
"SBRP",2,115,135,250
"SBRP",3,110,125,235
"SBRP",4,110,120,230
"SBRP",5,108,123,231
"SBRP",6,113,110,223
"SBRP",7,110,113,223
"SBRP",8,95,101,196
"SBRP",9,102,109,211
"SBRP",10,114,109,223
"SBRP",11,103,99,202
"SBRP",12,56,50,106
"SBRP",13,1,1,2
"SBRP",14,0,0,0
"SBRP",15,0,0,0
"SBRP",16,0,0,0
"SBRP",17,0,0,0
"SBRP",18,0,0,0
"SBRP",19,0,0,0
"SBRP",20,0,0,0
"SBRP",21,0,0,0
"SBRP",22,0,0,0
"SBRP",23,2,2,4
"SBRP",24,4,4,8
"SBRP",25,6,6,12
"SBRP",26,6,6,12
"SBRP",27,11,14,25
"SBRP",28,9,15,24
"SBRP",29,12,13,25
"SBRP",30,10,14,24
"SBRP",31,16,17,33
"SBRP",32,11,15,26
"SBRP",33,15,15,30
"SBRP",34,16,16,32
"SBRP",35,15,14,29
"SBRP",36,17,18,35
"SBRP",37,27,27,54
"SBRP",38,31,35,66
"SBRP",39,33,36,69
"SBRP",40,35,40,75
"SBRP",41,32,35,67
"SBRP",42,36,37,73
"SBRP",43,40,42,82
"SBRP",44,32,35,67
"SBRP",45,41,45,86
"SBRP",46,38,44,82
"SBRP",47,37,40,77
"SBRP",48,40,47,87
"SBRP",49,43,50,93
"SBRP",50,42,49,91
"SBRP",51,44,53,97
"SBRP",52,39,47,86
"SBRP",53,9,12,21
"SBKG",1,11,14,25
"SBKG",2,12,18,30
"SBKG",3,12,18,30
"SBKG",4,12,18,30
"SBKG",5,11,16,27
"SBKG",6,13,11,24
"SBKG",7,13,14,27
"SBKG",8,10,9,19
"SBKG",9,11,11,22
"SBKG",10,12,11,23
"SBKG",11,11,11,22
"SBKG",12,5,4,9
"SBKG",13,0,0,0
"SBKG",14,0,0,0
"SBKG",15,0,0,0
"SBKG",16,0,0,0
"SBKG",17,0,0,0
"SBKG",18,0,0,0
"SBKG",19,0,0,0
"SBKG",20,0,0,0
"SBKG",21,0,0,0
"SBKG",22,1,1,2
"SBKG",23,0,0,0
"SBKG",24,0,0,0
"SBKG",25,0,0,0
"SBKG",26,0,0,0
"SBKG",27,0,0,0
"SBKG",28,0,0,0
"SBKG",29,0,0,0
"SBKG",30,0,0,0
"SBKG",31,2,2,4
"SBKG",32,7,7,14
"SBKG",33,8,8,16
"SBKG",34,10,10,20
"SBKG",35,11,11,22
"SBKG",36,10,11,21
"SBKG",37,11,11,22
"SBKG",38,11,11,22
"SBKG",39,11,10,21
"SBKG",40,12,12,24
"SBKG",41,12,13,25
"SBKG",42,11,11,22
"SBKG",43,12,12,24
"SBKG",44,12,12,24
"SBKG",45,15,14,29
"SBKG",46,14,13,27
"SBKG",47,15,14,29
"SBKG",48,17,17,34
"SBKG",49,16,15,31
"SBKG",50,16,16,32
"SBKG",51,17,16,33
"SBKG",52,13,13,26
"SBKG",53,3,3,6
"SBHT",1,15,15,30
"SBHT",2,20,20,40
"SBHT",3,23,23,46
"SBHT",4,21,21,42
"SBHT",5,20,20,40
"SBHT",6,15,15,30
"SBHT",7,9,9,18
"SBHT",8,10,10,20
"SBHT",9,7,7,14
"SBHT",10,7,7,14
"SBHT",11,9,9,18
"SBHT",12,5,5,10
"SBHT",13,3,2,5
"SBHT",14,0,0,0
"SBHT",15,0,0,0
"SBHT",16,3,3,6
"SBHT",17,16,16,32
"SBHT",18,15,15,30
"SBHT",19,14,14,28
"SBHT",20,6,6,12
"SBHT",21,5,5,10
"SBHT",22,5,5,10
"SBHT",23,5,5,10
"SBHT",24,5,5,10
"SBHT",25,5,5,10
"SBHT",26,6,6,12
"SBHT",27,7,7,14
"SBHT",28,7,7,14
"SBHT",29,8,8,16
"SBHT",30,9,9,18
"SBHT",31,6,6,12
"SBHT",32,8,8,16
"SBHT",33,7,7,14
"SBHT",34,7,7,14
"SBHT",35,7,7,14
"SBHT",36,6,6,12
"SBHT",37,6,6,12
"SBHT",38,6,6,12
"SBHT",39,6,6,12
"SBHT",40,6,6,12
"SBHT",41,6,6,12
"SBHT",42,7,7,14
"SBHT",43,7,7,14
"SBHT",44,7,7,14
"SBHT",45,7,7,14
"SBHT",46,7,7,14
"SBHT",47,7,7,14
"SBHT",48,7,7,14
"SBHT",49,7,7,14
"SBHT",50,7,7,14
"SBHT",51,7,7,14
"SBHT",52,7,7,14
"SBHT",53,2,2,4
"SBMS",1,6,6,12
"SBMS",2,6,6,12
"SBMS",3,6,6,12
"SBMS",4,6,6,12
"SBMS",5,6,6,12
"SBMS",6,7,7,14
"SBMS",7,6,7,13
"SBMS",8,6,6,12
"SBMS",9,7,7,14
"SBMS",10,7,7,14
"SBMS",11,7,7,14
"SBMS",12,5,5,10
"SBMS",13,0,0,0
"SBMS",14,0,0,0
"SBMS",15,0,0,0
"SBMS",16,0,0,0
"SBMS",17,0,0,0
"SBMS",18,0,0,0
"SBMS",19,0,0,0
"SBMS",20,0,0,0
"SBMS",21,0,0,0
"SBMS",22,0,0,0
"SBMS",23,0,0,0
"SBMS",24,0,0,0
"SBMS",25,0,0,0
"SBMS",26,0,0,0
"SBMS",27,0,0,0
"SBMS",28,0,0,0
"SBMS",29,0,0,0
"SBMS",30,0,0,0
"SBMS",31,0,0,0
"SBMS",32,0,0,0
"SBMS",33,0,0,0
"SBMS",34,0,0,0
"SBMS",35,0,0,0
"SBMS",36,0,0,0
"SBMS",37,0,0,0
"SBMS",38,0,0,0
"SBMS",39,0,0,0
"SBMS",40,0,0,0
"SBMS",41,0,0,0
"SBMS",42,0,0,0
"SBMS",43,0,0,0
"SBMS",44,0,0,0
"SBMS",45,0,0,0
"SBMS",46,0,0,0
"SBMS",47,0,0,0
"SBMS",48,0,0,0
"SBMS",49,0,0,0
"SBMS",50,0,0,0
"SBMS",51,0,0,0
"SBMS",52,0,0,0
"SBMS",53,0,0,0
"SBJA",1,9,11,20
"SBJA",2,9,10,19
"SBJA",3,8,9,17
"SBJA",4,7,7,14
"SBJA",5,7,7,14
"SBJA",6,7,7,14
"SBJA",7,7,7,14
"SBJA",8,7,7,14
"SBJA",9,7,7,14
"SBJA",10,7,7,14
"SBJA",11,7,7,14
"SBJA",12,9,8,17
"SBJA",13,1,1,2
"SBJA",14,0,0,0
"SBJA",15,0,0,0
"SBJA",16,0,0,0
"SBJA",17,0,0,0
"SBJA",18,0,0,0
"SBJA",19,0,0,0
"SBJA",20,0,0,0
"SBJA",21,0,0,0
"SBJA",22,0,0,0
"SBJA",23,0,0,0
"SBJA",24,0,0,0
"SBJA",25,0,0,0
"SBJA",26,0,0,0
"SBJA",27,0,0,0
"SBJA",28,0,0,0
"SBJA",29,0,0,0
"SBJA",30,0,0,0
"SBJA",31,1,1,2
"SBJA",32,3,3,6
"SBJA",33,2,2,4
"SBJA",34,2,2,4
"SBJA",35,0,0,0
"SBJA",36,2,2,4
"SBJA",37,2,2,4
"SBJA",38,2,2,4
"SBJA",39,2,2,4
"SBJA",40,3,3,6
"SBJA",41,3,3,6
"SBJA",42,3,3,6
"SBJA",43,3,3,6
"SBJA",44,4,4,8
"SBJA",45,6,6,12
"SBJA",46,6,5,11
"SBJA",47,6,6,12
"SBJA",48,6,6,12
"SBJA",49,7,6,13
"SBJA",50,7,7,14
"SBJA",51,7,5,12
"SBJA",52,7,7,14
"SBJA",53,3,3,6
"SBJD",1,0,0,0
"SBJD",2,0,0,0
"SBJD",3,0,0,0
"SBJD",4,0,0,0
"SBJD",5,0,0,0
"SBJD",6,0,0,0
"SBJD",7,0,2,2
"SBJD",8,0,0,0
"SBJD",9,0,0,0
"SBJD",10,0,0,0
"SBJD",11,0,0,0
"SBJD",12,0,0,0
"SBJD",13,0,0,0
"SBJD",14,0,0,0
"SBJD",15,0,1,1
"SBJD",16,0,1,1
"SBJD",17,0,3,3
"SBJD",18,0,2,2
"SBJD",19,1,3,4
"SBJD",20,0,3,3
"SBJD",21,1,5,6
"SBJD",22,2,4,6
"SBJD",23,4,6,10
"SBJD",24,1,5,6
"SBJD",25,6,9,15
"SBJD",26,1,6,7
"SBJD",27,2,6,8
"SBJD",28,4,10,14
"SBJD",29,4,10,14
"SBJD",30,4,10,14
"SBJD",31,3,7,10
"SBJD",32,7,9,16
"SBJD",33,2,9,11
"SBJD",34,2,7,9
"SBJD",35,6,9,15
"SBJD",36,4,8,12
"SBJD",37,5,9,14
"SBJD",38,6,11,17
"SBJD",39,8,12,20
"SBJD",40,4,9,13
"SBJD",41,4,9,13
"SBJD",42,2,7,9
"SBJD",43,5,9,14
"SBJD",44,0,3,3
"SBJD",45,5,9,14
"SBJD",46,7,11,18
"SBJD",47,5,9,14
"SBJD",48,2,8,10
"SBJD",49,3,9,12
"SBJD",50,3,8,11
"SBJD",51,0,6,6
"SBJD",52,4,7,11
"SBJD",53,0,2,2
"SBSV",1,378,398,776
"SBSV",2,393,403,796
"SBSV",3,402,401,803
"SBSV",4,405,405,810
"SBSV",5,386,395,781
"SBSV",6,361,372,733
"SBSV",7,375,400,775
"SBSV",8,367,391,758
"SBSV",9,375,398,773
"SBSV",10,370,375,745
"SBSV",11,366,375,741
"SBSV",12,238,240,478
"SBSV",13,44,44,88
"SBSV",14,22,22,44
"SBSV",15,20,20,40
"SBSV",16,22,23,45
"SBSV",17,23,21,44
"SBSV",18,27,23,50
"SBSV",19,34,33,67
"SBSV",20,29,29,58
"SBSV",21,36,32,68
"SBSV",22,37,34,71
"SBSV",23,44,42,86
"SBSV",24,45,43,88
"SBSV",25,48,52,100
"SBSV",26,50,55,105
"SBSV",27,79,85,164
"SBSV",28,72,78,150
"SBSV",29,64,75,139
"SBSV",30,66,81,147
"SBSV",31,81,89,170
"SBSV",32,96,113,209
"SBSV",33,104,119,223
"SBSV",34,93,116,209
"SBSV",35,115,127,242
"SBSV",36,136,144,280
"SBSV",37,148,162,310
"SBSV",38,170,177,347
"SBSV",39,173,172,345
"SBSV",40,206,201,407
"SBSV",41,210,216,426
"SBSV",42,225,238,463
"SBSV",43,219,229,448
"SBSV",44,213,221,434
"SBSV",45,245,250,495
"SBSV",46,241,242,483
"SBSV",47,243,252,495
"SBSV",48,248,254,502
"SBSV",49,284,277,561
"SBSV",50,292,285,577
"SBSV",51,357,345,702
"SBSV",52,360,354,714
"SBSV",53,104,100,204
"SBSR",1,38,48,86
"SBSR",2,37,46,83
"SBSR",3,39,46,85
"SBSR",4,38,47,85
"SBSR",5,38,46,84
"SBSR",6,40,49,89
"SBSR",7,42,51,93
"SBSR",8,36,44,80
"SBSR",9,39,48,87
"SBSR",10,40,49,89
"SBSR",11,38,47,85
"SBSR",12,18,25,43
"SBSR",13,1,2,3
"SBSR",14,0,0,0
"SBSR",15,0,0,0
"SBSR",16,0,0,0
"SBSR",17,0,0,0
"SBSR",18,0,0,0
"SBSR",19,2,2,4
"SBSR",20,5,5,10
"SBSR",21,5,6,11
"SBSR",22,5,5,10
"SBSR",23,5,5,10
"SBSR",24,3,3,6
"SBSR",25,6,6,12
"SBSR",26,6,6,12
"SBSR",27,8,9,17
"SBSR",28,8,11,19
"SBSR",29,9,17,26
"SBSR",30,10,18,28
"SBSR",31,14,21,35
"SBSR",32,15,19,34
"SBSR",33,16,20,36
"SBSR",34,14,20,34
"SBSR",35,15,20,35
"SBSR",36,15,21,36
"SBSR",37,15,16,31
"SBSR",38,16,21,37
"SBSR",39,16,20,36
"SBSR",40,17,22,39
"SBSR",41,15,18,33
"SBSR",42,21,25,46
"SBSR",43,18,25,43
"SBSR",44,19,27,46
"SBSR",45,25,29,54
"SBSR",46,21,29,50
"SBSR",47,23,28,51
"SBSR",48,24,31,55
"SBSR",49,23,31,54
"SBSR",50,25,31,56
"SBSR",51,24,29,53
"SBSR",52,19,24,43
"SBSR",53,5,8,13
"SBML",1,13,13,26
"SBML",2,12,14,26
"SBML",3,13,13,26
"SBML",4,12,13,25
"SBML",5,13,14,27
"SBML",6,12,12,24
"SBML",7,13,12,25
"SBML",8,12,15,27
"SBML",9,13,13,26
"SBML",10,13,13,26
"SBML",11,13,13,26
"SBML",12,6,6,12
"SBML",13,0,0,0
"SBML",14,0,0,0
"SBML",15,0,0,0
"SBML",16,0,0,0
"SBML",17,0,0,0
"SBML",18,0,0,0
"SBML",19,0,0,0
"SBML",20,0,0,0
"SBML",21,0,0,0
"SBML",22,0,0,0
"SBML",23,0,0,0
"SBML",24,0,0,0
"SBML",25,0,0,0
"SBML",26,0,0,0
"SBML",27,6,4,10
"SBML",28,17,15,32
"SBML",29,17,16,33
"SBML",30,17,15,32
"SBML",31,16,16,32
"SBML",32,17,12,29
"SBML",33,16,11,27
"SBML",34,16,11,27
"SBML",35,17,11,28
"SBML",36,13,9,22
"SBML",37,11,7,18
"SBML",38,5,5,10
"SBML",39,5,5,10
"SBML",40,5,5,10
"SBML",41,5,5,10
"SBML",42,5,5,10
"SBML",43,5,5,10
"SBML",44,5,4,9
"SBML",45,9,6,15
"SBML",46,10,6,16
"SBML",47,9,6,15
"SBML",48,8,5,13
"SBML",49,6,6,12
"SBML",50,6,6,12
"SBML",51,6,6,12
"SBML",52,5,5,10
"SBML",53,2,2,4
"SBPL",1,17,18,35
"SBPL",2,22,22,44
"SBPL",3,20,22,42
"SBPL",4,21,23,44
"SBPL",5,19,20,39
"SBPL",6,16,17,33
"SBPL",7,15,15,30
"SBPL",8,13,13,26
"SBPL",9,14,15,29
"SBPL",10,15,15,30
"SBPL",11,13,13,26
"SBPL",12,13,15,28
"SBPL",13,2,1,3
"SBPL",14,2,2,4
"SBPL",15,3,3,6
"SBPL",16,4,4,8
"SBPL",17,7,7,14
"SBPL",18,7,7,14
"SBPL",19,6,6,12
"SBPL",20,7,7,14
"SBPL",21,6,6,12
"SBPL",22,8,8,16
"SBPL",23,8,8,16
"SBPL",24,9,9,18
"SBPL",25,11,11,22
"SBPL",26,11,11,22
"SBPL",27,13,13,26
"SBPL",28,14,14,28
"SBPL",29,16,16,32
"SBPL",30,14,14,28
"SBPL",31,15,15,30
"SBPL",32,16,16,32
"SBPL",33,16,16,32
"SBPL",34,16,16,32
"SBPL",35,17,17,34
"SBPL",36,18,18,36
"SBPL",37,20,20,40
"SBPL",38,24,24,48
"SBPL",39,24,24,48
"SBPL",40,20,20,40
"SBPL",41,18,18,36
"SBPL",42,19,19,38
"SBPL",43,19,19,38
"SBPL",44,13,15,28
"SBPL",45,17,23,40
"SBPL",46,15,20,35
"SBPL",47,15,21,36
"SBPL",48,14,20,34
"SBPL",49,14,20,34
"SBPL",50,15,21,36
"SBPL",51,23,29,52
"SBPL",52,18,23,41
"SBPL",53,5,5,10
"SBZM",1,11,11,22
"SBZM",2,13,13,26
"SBZM",3,12,12,24
"SBZM",4,12,12,24
"SBZM",5,12,12,24
"SBZM",6,12,12,24
"SBZM",7,13,13,26
"SBZM",8,9,9,18
"SBZM",9,11,11,22
"SBZM",10,13,13,26
"SBZM",11,11,11,22
"SBZM",12,5,5,10
"SBZM",13,0,0,0
"SBZM",14,0,0,0
"SBZM",15,0,0,0
"SBZM",16,0,0,0
"SBZM",17,0,0,0
"SBZM",18,0,0,0
"SBZM",19,0,0,0
"SBZM",20,0,0,0
"SBZM",21,0,0,0
"SBZM",22,0,0,0
"SBZM",23,0,0,0
"SBZM",24,0,0,0
"SBZM",25,0,0,0
"SBZM",26,0,0,0
"SBZM",27,0,0,0
"SBZM",28,0,0,0
"SBZM",29,0,0,0
"SBZM",30,0,0,0
"SBZM",31,0,0,0
"SBZM",32,0,0,0
"SBZM",33,2,2,4
"SBZM",34,5,5,10
"SBZM",35,5,5,10
"SBZM",36,8,8,16
"SBZM",37,6,5,11
"SBZM",38,8,8,16
"SBZM",39,8,8,16
"SBZM",40,11,8,19
"SBZM",41,11,7,18
"SBZM",42,12,7,19
"SBZM",43,13,11,24
"SBZM",44,11,5,16
"SBZM",45,13,5,18
"SBZM",46,14,5,19
"SBZM",47,12,6,18
"SBZM",48,12,5,17
"SBZM",49,9,5,14
"SBZM",50,8,5,13
"SBZM",51,7,5,12
"SBZM",52,7,4,11
"SBZM",53,2,2,4
"SBAT",1,6,6,12
"SBAT",2,7,7,14
"SBAT",3,7,7,14
"SBAT",4,7,7,14
"SBAT",5,7,7,14
"SBAT",6,6,6,12
"SBAT",7,6,7,13
"SBAT",8,5,5,10
"SBAT",9,6,6,12
"SBAT",10,7,7,14
"SBAT",11,7,7,14
"SBAT",12,5,5,10
"SBAT",13,0,0,0
"SBAT",14,0,0,0
"SBAT",15,0,0,0
"SBAT",16,0,0,0
"SBAT",17,0,0,0
"SBAT",18,0,0,0
"SBAT",19,0,0,0
"SBAT",20,0,0,0
"SBAT",21,0,0,0
"SBAT",22,0,0,0
"SBAT",23,0,0,0
"SBAT",24,0,0,0
"SBAT",25,0,0,0
"SBAT",26,0,0,0
"SBAT",27,0,0,0
"SBAT",28,1,1,2
"SBAT",29,4,4,8
"SBAT",30,4,4,8
"SBAT",31,4,4,8
"SBAT",32,4,4,8
"SBAT",33,4,4,8
"SBAT",34,4,4,8
"SBAT",35,5,5,10
"SBAT",36,5,5,10
"SBAT",37,7,7,14
"SBAT",38,7,7,14
"SBAT",39,7,7,14
"SBAT",40,7,7,14
"SBAT",41,5,5,10
"SBAT",42,7,7,14
"SBAT",43,7,7,14
"SBAT",44,7,7,14
"SBAT",45,7,6,13
"SBAT",46,7,7,14
"SBAT",47,7,7,14
"SBAT",48,8,8,16
"SBAT",49,8,8,16
"SBAT",50,7,7,14
"SBAT",51,8,8,16
"SBAT",52,4,4,8
"SBAT",53,2,2,4
"SBCG",1,53,66,119
"SBCG",2,54,68,122
"SBCG",3,53,64,117
"SBCG",4,53,63,116
"SBCG",5,55,66,121
"SBCG",6,58,65,123
"SBCG",7,59,68,127
"SBCG",8,47,55,102
"SBCG",9,53,60,113
"SBCG",10,57,65,122
"SBCG",11,52,54,106
"SBCG",12,31,34,65
"SBCG",13,15,11,26
"SBCG",14,15,10,25
"SBCG",15,13,10,23
"SBCG",16,14,9,23
"SBCG",17,13,9,22
"SBCG",18,10,8,18
"SBCG",19,10,10,20
"SBCG",20,13,9,22
"SBCG",21,14,9,23
"SBCG",22,14,9,23
"SBCG",23,13,8,21
"SBCG",24,13,9,22
"SBCG",25,17,12,29
"SBCG",26,20,15,35
"SBCG",27,22,12,34
"SBCG",28,25,17,42
"SBCG",29,27,18,45
"SBCG",30,26,21,47
"SBCG",31,28,25,53
"SBCG",32,36,31,67
"SBCG",33,34,29,63
"SBCG",34,37,33,70
"SBCG",35,33,33,66
"SBCG",36,34,38,72
"SBCG",37,29,29,58
"SBCG",38,32,27,59
"SBCG",39,31,28,59
"SBCG",40,31,30,61
"SBCG",41,32,30,62
"SBCG",42,34,36,70
"SBCG",43,35,35,70
"SBCG",44,32,29,61
"SBCG",45,37,24,61
"SBCG",46,35,22,57
"SBCG",47,37,24,61
"SBCG",48,33,23,56
"SBCG",49,39,25,64
"SBCG",50,36,25,61
"SBCG",51,45,30,75
"SBCG",52,40,29,69
"SBCG",53,14,10,24
"SBEK",1,0,0,0
"SBEK",2,0,0,0
"SBEK",3,0,0,0
"SBEK",4,0,0,0
"SBEK",5,0,0,0
"SBEK",6,0,0,0
"SBEK",7,0,0,0
"SBEK",8,0,0,0
"SBEK",9,0,0,0
"SBEK",10,0,0,0
"SBEK",11,0,0,0
"SBEK",12,0,0,0
"SBEK",13,0,0,0
"SBEK",14,0,0,0
"SBEK",15,0,0,0
"SBEK",16,0,0,0
"SBEK",17,0,0,0
"SBEK",18,0,0,0
"SBEK",19,0,0,0
"SBEK",20,0,0,0
"SBEK",21,0,0,0
"SBEK",22,0,0,0
"SBEK",23,0,0,0
"SBEK",24,0,0,0
"SBEK",25,0,0,0
"SBEK",26,0,0,0
"SBEK",27,0,0,0
"SBEK",28,0,0,0
"SBEK",29,0,0,0
"SBEK",30,0,0,0
"SBEK",31,0,0,0
"SBEK",32,0,0,0
"SBEK",33,0,0,0
"SBEK",34,0,0,0
"SBEK",35,0,0,0
"SBEK",36,0,0,0
"SBEK",37,0,0,0
"SBEK",38,0,0,0
"SBEK",39,0,0,0
"SBEK",40,0,0,0
"SBEK",41,0,0,0
"SBEK",42,0,0,0
"SBEK",43,0,0,0
"SBEK",44,0,0,0
"SBEK",45,0,0,0
"SBEK",46,0,0,0
"SBEK",47,0,0,0
"SBEK",48,0,0,0
"SBEK",49,0,0,0
"SBEK",50,0,0,0
"SBEK",51,0,0,0
"SBEK",52,0,0,0
"SBEK",53,0,0,0
"SBMK",1,18,17,35
"SBMK",2,22,20,42
"SBMK",3,23,20,43
"SBMK",4,21,19,40
"SBMK",5,21,20,41
"SBMK",6,20,20,40
"SBMK",7,20,22,42
"SBMK",8,19,20,39
"SBMK",9,19,19,38
"SBMK",10,20,23,43
"SBMK",11,17,18,35
"SBMK",12,5,7,12
"SBMK",13,3,3,6
"SBMK",14,3,3,6
"SBMK",15,3,3,6
"SBMK",16,3,3,6
"SBMK",17,3,3,6
"SBMK",18,2,2,4
"SBMK",19,3,3,6
"SBMK",20,3,3,6
"SBMK",21,3,3,6
"SBMK",22,3,3,6
"SBMK",23,3,3,6
"SBMK",24,2,2,4
"SBMK",25,3,3,6
"SBMK",26,3,3,6
"SBMK",27,3,4,7
"SBMK",28,3,3,6
"SBMK",29,2,3,5
"SBMK",30,1,2,3
"SBMK",31,1,4,5
"SBMK",32,1,7,8
"SBMK",33,1,7,8
"SBMK",34,2,8,10
"SBMK",35,5,10,15
"SBMK",36,9,5,14
"SBMK",37,9,6,15
"SBMK",38,16,12,28
"SBMK",39,15,11,26
"SBMK",40,10,12,22
"SBMK",41,8,12,20
"SBMK",42,12,17,29
"SBMK",43,12,14,26
"SBMK",44,11,15,26
"SBMK",45,17,22,39
"SBMK",46,15,15,30
"SBMK",47,16,20,36
"SBMK",48,17,19,36
"SBMK",49,17,16,33
"SBMK",50,17,16,33
"SBMK",51,15,16,31
"SBMK",52,9,10,19
"SBMK",53,2,4,6
"SBLE",1,3,3,6
"SBLE",2,3,3,6
"SBLE",3,3,3,6
"SBLE",4,2,2,4
"SBLE",5,2,2,4
"SBLE",6,2,2,4
"SBLE",7,2,2,4
"SBLE",8,2,2,4
"SBLE",9,2,2,4
"SBLE",10,2,2,4
"SBLE",11,2,2,4
"SBLE",12,1,1,2
"SBLE",13,0,0,0
"SBLE",14,0,0,0
"SBLE",15,0,0,0
"SBLE",16,0,0,0
"SBLE",17,0,0,0
"SBLE",18,0,0,0
"SBLE",19,0,0,0
"SBLE",20,0,0,0
"SBLE",21,0,0,0
"SBLE",22,0,0,0
"SBLE",23,0,0,0
"SBLE",24,0,0,0
"SBLE",25,0,0,0
"SBLE",26,0,0,0
"SBLE",27,0,0,0
"SBLE",28,0,0,0
"SBLE",29,0,0,0
"SBLE",30,0,0,0
"SBLE",31,0,0,0
"SBLE",32,0,0,0
"SBLE",33,0,0,0
"SBLE",34,0,0,0
"SBLE",35,0,0,0
"SBLE",36,0,0,0
"SBLE",37,0,0,0
"SBLE",38,0,0,0
"SBLE",39,0,0,0
"SBLE",40,0,0,0
"SBLE",41,0,0,0
"SBLE",42,0,0,0
"SBLE",43,0,0,0
"SBLE",44,0,0,0
"SBLE",45,0,0,0
"SBLE",46,0,0,0
"SBLE",47,0,0,0
"SBLE",48,0,0,0
"SBLE",49,0,0,0
"SBLE",50,0,0,0
"SBLE",51,0,0,0
"SBLE",52,0,0,0
"SBLE",53,0,0,0
"SBCT",1,395,409,804
"SBCT",2,429,450,879
"SBCT",3,421,440,861
"SBCT",4,430,446,876
"SBCT",5,424,439,863
"SBCT",6,431,445,876
"SBCT",7,433,446,879
"SBCT",8,359,364,723
"SBCT",9,405,416,821
"SBCT",10,429,442,871
"SBCT",11,406,421,827
"SBCT",12,185,197,382
"SBCT",13,42,45,87
"SBCT",14,31,35,66
"SBCT",15,19,28,47
"SBCT",16,14,26,40
"SBCT",17,16,28,44
"SBCT",18,17,28,45
"SBCT",19,23,29,52
"SBCT",20,24,23,47
"SBCT",21,24,26,50
"SBCT",22,22,25,47
"SBCT",23,29,32,61
"SBCT",24,33,39,72
"SBCT",25,43,49,92
"SBCT",26,44,44,88
"SBCT",27,48,49,97
"SBCT",28,43,48,91
"SBCT",29,51,54,105
"SBCT",30,48,48,96
"SBCT",31,55,55,110
"SBCT",32,64,76,140
"SBCT",33,71,80,151
"SBCT",34,73,85,158
"SBCT",35,79,87,166
"SBCT",36,84,100,184
"SBCT",37,80,94,174
"SBCT",38,69,89,158
"SBCT",39,65,88,153
"SBCT",40,85,104,189
"SBCT",41,102,124,226
"SBCT",42,134,160,294
"SBCT",43,129,154,283
"SBCT",44,127,160,287
"SBCT",45,168,203,371
"SBCT",46,157,191,348
"SBCT",47,155,195,350
"SBCT",48,160,196,356
"SBCT",49,160,188,348
"SBCT",50,164,187,351
"SBCT",51,162,183,345
"SBCT",52,155,143,298
"SBCT",53,43,42,85
"SBSM",1,5,5,10
"SBSM",2,5,5,10
"SBSM",3,5,5,10
"SBSM",4,6,6,12
"SBSM",5,5,5,10
"SBSM",6,7,7,14
"SBSM",7,7,7,14
"SBSM",8,4,4,8
"SBSM",9,7,7,14
"SBSM",10,7,7,14
"SBSM",11,7,7,14
"SBSM",12,5,5,10
"SBSM",13,0,0,0
"SBSM",14,0,0,0
"SBSM",15,0,0,0
"SBSM",16,0,0,0
"SBSM",17,0,0,0
"SBSM",18,0,0,0
"SBSM",19,0,0,0
"SBSM",20,0,0,0
"SBSM",21,0,0,0
"SBSM",22,0,0,0
"SBSM",23,0,0,0
"SBSM",24,0,0,0
"SBSM",25,0,0,0
"SBSM",26,0,0,0
"SBSM",27,0,0,0
"SBSM",28,0,0,0
"SBSM",29,0,0,0
"SBSM",30,0,0,0
"SBSM",31,0,0,0
"SBSM",32,0,0,0
"SBSM",33,0,0,0
"SBSM",34,0,0,0
"SBSM",35,0,0,0
"SBSM",36,0,0,0
"SBSM",37,0,0,0
"SBSM",38,0,0,0
"SBSM",39,0,0,0
"SBSM",40,0,0,0
"SBSM",41,0,0,0
"SBSM",42,0,0,0
"SBSM",43,0,0,0
"SBSM",44,0,0,0
"SBSM",45,0,0,0
"SBSM",46,0,0,0
"SBSM",47,0,0,0
"SBSM",48,0,0,0
"SBSM",49,1,1,2
"SBSM",50,5,5,10
"SBSM",51,5,5,10
"SBSM",52,3,3,6
"SBSM",53,1,1,2
"SBBE",1,137,160,297
"SBBE",2,146,179,325
"SBBE",3,154,181,335
"SBBE",4,146,175,321
"SBBE",5,148,176,324
"SBBE",6,142,168,310
"SBBE",7,137,167,304
"SBBE",8,117,133,250
"SBBE",9,137,159,296
"SBBE",10,134,159,293
"SBBE",11,137,160,297
"SBBE",12,91,104,195
"SBBE",13,25,27,52
"SBBE",14,12,11,23
"SBBE",15,13,11,24
"SBBE",16,17,15,32
"SBBE",17,35,38,73
"SBBE",18,38,42,80
"SBBE",19,39,44,83
"SBBE",20,48,54,102
"SBBE",21,50,50,100
"SBBE",22,52,48,100
"SBBE",23,57,56,113
"SBBE",24,60,60,120
"SBBE",25,69,68,137
"SBBE",26,74,71,145
"SBBE",27,79,77,156
"SBBE",28,87,87,174
"SBBE",29,93,93,186
"SBBE",30,97,98,195
"SBBE",31,101,99,200
"SBBE",32,113,105,218
"SBBE",33,121,116,237
"SBBE",34,125,120,245
"SBBE",35,126,123,249
"SBBE",36,128,127,255
"SBBE",37,141,142,283
"SBBE",38,142,141,283
"SBBE",39,129,130,259
"SBBE",40,133,134,267
"SBBE",41,143,138,281
"SBBE",42,175,171,346
"SBBE",43,169,164,333
"SBBE",44,148,144,292
"SBBE",45,162,172,334
"SBBE",46,150,164,314
"SBBE",47,160,172,332
"SBBE",48,160,172,332
"SBBE",49,174,190,364
"SBBE",50,173,185,358
"SBBE",51,169,183,352
"SBBE",52,146,165,311
"SBBE",53,44,50,94
"SBPC",1,0,0,0
"SBPC",2,0,0,0
"SBPC",3,0,0,0
"SBPC",4,0,0,0
"SBPC",5,0,0,0
"SBPC",6,0,0,0
"SBPC",7,0,0,0
"SBPC",8,0,0,0
"SBPC",9,0,0,0
"SBPC",10,0,0,0
"SBPC",11,0,0,0
"SBPC",12,0,0,0
"SBPC",13,0,0,0
"SBPC",14,0,0,0
"SBPC",15,0,0,0
"SBPC",16,0,0,0
"SBPC",17,0,0,0
"SBPC",18,0,0,0
"SBPC",19,0,0,0
"SBPC",20,0,0,0
"SBPC",21,0,0,0
"SBPC",22,0,0,0
"SBPC",23,0,0,0
"SBPC",24,0,0,0
"SBPC",25,0,0,0
"SBPC",26,0,0,0
"SBPC",27,0,0,0
"SBPC",28,0,0,0
"SBPC",29,0,0,0
"SBPC",30,0,0,0
"SBPC",31,0,0,0
"SBPC",32,0,0,0
"SBPC",33,0,0,0
"SBPC",34,0,0,0
"SBPC",35,0,0,0
"SBPC",36,0,0,0
"SBPC",37,0,0,0
"SBPC",38,0,0,0
"SBPC",39,0,0,0
"SBPC",40,0,0,0
"SBPC",41,0,0,0
"SBPC",42,0,0,0
"SBPC",43,0,0,0
"SBPC",44,0,0,0
"SBPC",45,0,0,0
"SBPC",46,0,0,0
"SBPC",47,0,0,0
"SBPC",48,0,0,0
"SBPC",49,0,0,0
"SBPC",50,0,0,0
"SBPC",51,0,0,0
"SBPC",52,0,0,0
"SBPC",53,0,0,0
"SBNV",1,0,0,0
"SBNV",2,0,0,0
"SBNV",3,0,0,0
"SBNV",4,0,0,0
"SBNV",5,0,0,0
"SBNV",6,0,0,0
"SBNV",7,0,0,0
"SBNV",8,0,0,0
"SBNV",9,0,0,0
"SBNV",10,0,0,0
"SBNV",11,0,0,0
"SBNV",12,0,0,0
"SBNV",13,0,0,0
"SBNV",14,0,0,0
"SBNV",15,0,0,0
"SBNV",16,0,0,0
"SBNV",17,0,0,0
"SBNV",18,0,0,0
"SBNV",19,0,0,0
"SBNV",20,0,0,0
"SBNV",21,0,0,0
"SBNV",22,0,0,0
"SBNV",23,0,0,0
"SBNV",24,0,0,0
"SBNV",25,0,0,0
"SBNV",26,0,0,0
"SBNV",27,0,0,0
"SBNV",28,0,0,0
"SBNV",29,0,0,0
"SBNV",30,0,0,0
"SBNV",31,0,0,0
"SBNV",32,0,0,0
"SBNV",33,0,0,0
"SBNV",34,0,0,0
"SBNV",35,0,0,0
"SBNV",36,0,0,0
"SBNV",37,0,0,0
"SBNV",38,0,0,0
"SBNV",39,0,0,0
"SBNV",40,0,0,0
"SBNV",41,0,0,0
"SBNV",42,0,0,0
"SBNV",43,0,0,0
"SBNV",44,0,0,0
"SBNV",45,0,0,0
"SBNV",46,0,0,0
"SBNV",47,0,0,0
"SBNV",48,0,0,0
"SBNV",49,0,0,0
"SBNV",50,0,0,0
"SBNV",51,0,0,0
"SBNV",52,0,0,0
"SBNV",53,0,0,0
"SBCH",1,20,20,40
"SBCH",2,23,24,47
"SBCH",3,22,25,47
"SBCH",4,22,24,46
"SBCH",5,23,29,52
"SBCH",6,24,31,55
"SBCH",7,24,31,55
"SBCH",8,23,27,50
"SBCH",9,24,28,52
"SBCH",10,37,43,80
"SBCH",11,34,40,74
"SBCH",12,21,26,47
"SBCH",13,0,0,0
"SBCH",14,1,1,2
"SBCH",15,1,1,2
"SBCH",16,0,0,0
"SBCH",17,0,0,0
"SBCH",18,0,0,0
"SBCH",19,1,1,2
"SBCH",20,3,3,6
"SBCH",21,3,3,6
"SBCH",22,3,3,6
"SBCH",23,3,3,6
"SBCH",24,4,4,8
"SBCH",25,6,6,12
"SBCH",26,6,6,12
"SBCH",27,8,8,16
"SBCH",28,8,8,16
"SBCH",29,14,14,28
"SBCH",30,11,11,22
"SBCH",31,13,13,26
"SBCH",32,17,17,34
"SBCH",33,17,17,34
"SBCH",34,18,18,36
"SBCH",35,18,18,36
"SBCH",36,18,18,36
"SBCH",37,19,20,39
"SBCH",38,20,20,40
"SBCH",39,20,20,40
"SBCH",40,17,16,33
"SBCH",41,16,17,33
"SBCH",42,23,21,44
"SBCH",43,23,20,43
"SBCH",44,21,18,39
"SBCH",45,23,20,43
"SBCH",46,24,21,45
"SBCH",47,23,21,44
"SBCH",48,24,24,48
"SBCH",49,23,22,45
"SBCH",50,23,23,46
"SBCH",51,24,24,48
"SBCH",52,28,24,52
"SBCH",53,7,7,14
"SBIL",1,66,63,129
"SBIL",2,65,64,129
"SBIL",3,67,64,131
"SBIL",4,66,64,130
"SBIL",5,59,57,116
"SBIL",6,42,42,84
"SBIL",7,42,42,84
"SBIL",8,45,43,88
"SBIL",9,44,44,88
"SBIL",10,45,44,89
"SBIL",11,46,44,90
"SBIL",12,38,40,78
"SBIL",13,5,5,10
"SBIL",14,2,2,4
"SBIL",15,1,1,2
"SBIL",16,0,0,0
"SBIL",17,0,0,0
"SBIL",18,0,0,0
"SBIL",19,0,0,0
"SBIL",20,0,0,0
"SBIL",21,0,0,0
"SBIL",22,0,0,0
"SBIL",23,0,0,0
"SBIL",24,2,2,4
"SBIL",25,3,3,6
"SBIL",26,3,3,6
"SBIL",27,7,7,14
"SBIL",28,7,7,14
"SBIL",29,8,8,16
"SBIL",30,6,7,13
"SBIL",31,8,8,16
"SBIL",32,9,9,18
"SBIL",33,13,13,26
"SBIL",34,17,17,34
"SBIL",35,18,18,36
"SBIL",36,23,23,46
"SBIL",37,21,22,43
"SBIL",38,23,23,46
"SBIL",39,26,26,52
"SBIL",40,25,25,50
"SBIL",41,22,25,47
"SBIL",42,30,29,59
"SBIL",43,29,30,59
"SBIL",44,26,27,53
"SBIL",45,40,40,80
"SBIL",46,37,37,74
"SBIL",47,37,37,74
"SBIL",48,38,38,76
"SBIL",49,37,37,74
"SBIL",50,43,42,85
"SBIL",51,52,48,100
"SBIL",52,51,43,94
"SBIL",53,12,11,23
"SBNM",1,4,4,8
"SBNM",2,3,3,6
"SBNM",3,4,4,8
"SBNM",4,4,4,8
"SBNM",5,4,4,8
"SBNM",6,4,4,8
"SBNM",7,4,4,8
"SBNM",8,4,4,8
"SBNM",9,4,4,8
"SBNM",10,4,4,8
"SBNM",11,4,4,8
"SBNM",12,3,3,6
"SBNM",13,0,0,0
"SBNM",14,0,0,0
"SBNM",15,0,0,0
"SBNM",16,0,0,0
"SBNM",17,0,0,0
"SBNM",18,0,0,0
"SBNM",19,0,0,0
"SBNM",20,0,0,0
"SBNM",21,0,0,0
"SBNM",22,0,0,0
"SBNM",23,0,0,0
"SBNM",24,0,0,0
"SBNM",25,0,0,0
"SBNM",26,0,0,0
"SBNM",27,0,0,0
"SBNM",28,0,0,0
"SBNM",29,0,0,0
"SBNM",30,0,0,0
"SBNM",31,0,0,0
"SBNM",32,0,0,0
"SBNM",33,0,0,0
"SBNM",34,0,0,0
"SBNM",35,0,0,0
"SBNM",36,0,0,0
"SBNM",37,0,0,0
"SBNM",38,0,0,0
"SBNM",39,0,0,0
"SBNM",40,0,0,0
"SBNM",41,0,0,0
"SBNM",42,0,0,0
"SBNM",43,0,0,0
"SBNM",44,0,0,0
"SBNM",45,0,0,0
"SBNM",46,0,0,0
"SBNM",47,0,0,0
"SBNM",48,0,0,0
"SBNM",49,0,0,0
"SBNM",50,0,0,0
"SBNM",51,0,0,0
"SBNM",52,0,0,0
"SBNM",53,0,0,0
"SBSP",1,1336,1442,2778
"SBSP",2,1366,1461,2827
"SBSP",3,1369,1447,2816
"SBSP",4,1362,1467,2829
"SBSP",5,1341,1427,2768
"SBSP",6,1344,1422,2766
"SBSP",7,1341,1436,2777
"SBSP",8,1217,1301,2518
"SBSP",9,1366,1436,2802
"SBSP",10,1368,1455,2823
"SBSP",11,1286,1371,2657
"SBSP",12,583,608,1191
"SBSP",13,75,77,152
"SBSP",14,23,27,50
"SBSP",15,23,16,39
"SBSP",16,1,0,1
"SBSP",17,0,0,0
"SBSP",18,1,0,1
"SBSP",19,2,0,2
"SBSP",20,0,0,0
"SBSP",21,9,10,19
"SBSP",22,14,17,31
"SBSP",23,16,21,37
"SBSP",24,47,78,125
"SBSP",25,69,115,184
"SBSP",26,69,117,186
"SBSP",27,82,154,236
"SBSP",28,63,118,181
"SBSP",29,77,134,211
"SBSP",30,80,141,221
"SBSP",31,94,168,262
"SBSP",32,86,101,187
"SBSP",33,84,104,188
"SBSP",34,76,93,169
"SBSP",35,89,108,197
"SBSP",36,107,139,246
"SBSP",37,129,184,313
"SBSP",38,165,201,366
"SBSP",39,193,218,411
"SBSP",40,265,308,573
"SBSP",41,320,365,685
"SBSP",42,342,398,740
"SBSP",43,332,390,722
"SBSP",44,352,409,761
"SBSP",45,416,457,873
"SBSP",46,412,464,876
"SBSP",47,408,460,868
"SBSP",48,418,488,906
"SBSP",49,450,506,956
"SBSP",50,454,495,949
"SBSP",51,528,592,1120
"SBSP",52,523,597,1120
"SBSP",53,161,171,332
"SBFN",1,37,37,74
"SBFN",2,37,37,74
"SBFN",3,37,37,74
"SBFN",4,37,37,74
"SBFN",5,36,36,72
"SBFN",6,34,34,68
"SBFN",7,34,35,69
"SBFN",8,35,35,70
"SBFN",9,36,36,72
"SBFN",10,37,37,74
"SBFN",11,36,36,72
"SBFN",12,23,23,46
"SBFN",13,3,3,6
"SBFN",14,2,2,4
"SBFN",15,1,1,2
"SBFN",16,1,1,2
"SBFN",17,1,1,2
"SBFN",18,1,1,2
"SBFN",19,1,1,2
"SBFN",20,1,1,2
"SBFN",21,0,0,0
"SBFN",22,2,2,4
"SBFN",23,1,1,2
"SBFN",24,2,2,4
"SBFN",25,2,2,4
"SBFN",26,3,1,4
"SBFN",27,1,2,3
"SBFN",28,5,4,9
"SBFN",29,3,3,6
"SBFN",30,3,3,6
"SBFN",31,5,3,8
"SBFN",32,3,3,6
"SBFN",33,6,6,12
"SBFN",34,4,4,8
"SBFN",35,3,3,6
"SBFN",36,4,4,8
"SBFN",37,3,3,6
"SBFN",38,4,4,8
"SBFN",39,4,4,8
"SBFN",40,5,5,10
"SBFN",41,7,7,14
"SBFN",42,11,11,22
"SBFN",43,9,9,18
"SBFN",44,13,13,26
"SBFN",45,10,10,20
"SBFN",46,14,14,28
"SBFN",47,17,17,34
"SBFN",48,15,15,30
"SBFN",49,15,16,31
"SBFN",50,16,16,32
"SBFN",51,24,24,48
"SBFN",52,21,21,42
"SBFN",53,6,6,12
"SBCF",1,610,659,1269
"SBCF",2,662,692,1354
"SBCF",3,654,689,1343
"SBCF",4,650,685,1335
"SBCF",5,658,677,1335
"SBCF",6,663,671,1334
"SBCF",7,650,671,1321
"SBCF",8,524,554,1078
"SBCF",9,610,637,1247
"SBCF",10,640,667,1307
"SBCF",11,588,606,1194
"SBCF",12,305,299,604
"SBCF",13,82,77,159
"SBCF",14,53,73,126
"SBCF",15,34,49,83
"SBCF",16,27,42,69
"SBCF",17,38,52,90
"SBCF",18,33,41,74
"SBCF",19,50,51,101
"SBCF",20,51,51,102
"SBCF",21,52,48,100
"SBCF",22,47,48,95
"SBCF",23,54,48,102
"SBCF",24,60,54,114
"SBCF",25,76,67,143
"SBCF",26,82,70,152
"SBCF",27,81,81,162
"SBCF",28,90,94,184
"SBCF",29,94,101,195
"SBCF",30,111,104,215
"SBCF",31,125,116,241
"SBCF",32,140,150,290
"SBCF",33,154,158,312
"SBCF",34,167,168,335
"SBCF",35,175,170,345
"SBCF",36,194,208,402
"SBCF",37,205,214,419
"SBCF",38,181,226,407
"SBCF",39,174,223,397
"SBCF",40,217,261,478
"SBCF",41,243,275,518
"SBCF",42,273,298,571
"SBCF",43,266,297,563
"SBCF",44,275,295,570
"SBCF",45,354,381,735
"SBCF",46,345,372,717
"SBCF",47,352,376,728
"SBCF",48,360,385,745
"SBCF",49,392,429,821
"SBCF",50,398,435,833
"SBCF",51,436,461,897
"SBCF",52,381,393,774
"SBCF",53,124,110,234
"SBUL",1,63,70,133
"SBUL",2,68,75,143
"SBUL",3,69,74,143
"SBUL",4,69,71,140
"SBUL",5,70,72,142
"SBUL",6,76,77,153
"SBUL",7,74,72,146
"SBUL",8,69,70,139
"SBUL",9,70,67,137
"SBUL",10,76,69,145
"SBUL",11,75,68,143
"SBUL",12,38,34,72
"SBUL",13,7,7,14
"SBUL",14,4,4,8
"SBUL",15,3,3,6
"SBUL",16,2,2,4
"SBUL",17,3,3,6
"SBUL",18,3,3,6
"SBUL",19,4,4,8
"SBUL",20,5,5,10
"SBUL",21,3,4,7
"SBUL",22,0,4,4
"SBUL",23,0,5,5
"SBUL",24,3,6,9
"SBUL",25,2,7,9
"SBUL",26,2,6,8
"SBUL",27,5,10,15
"SBUL",28,3,8,11
"SBUL",29,5,10,15
"SBUL",30,5,11,16
"SBUL",31,5,10,15
"SBUL",32,10,16,26
"SBUL",33,11,17,28
"SBUL",34,14,25,39
"SBUL",35,15,25,40
"SBUL",36,20,27,47
"SBUL",37,28,34,62
"SBUL",38,35,41,76
"SBUL",39,36,42,78
"SBUL",40,37,43,80
"SBUL",41,34,39,73
"SBUL",42,41,50,91
"SBUL",43,42,52,94
"SBUL",44,37,44,81
"SBUL",45,51,49,100
"SBUL",46,49,42,91
"SBUL",47,47,42,89
"SBUL",48,48,41,89
"SBUL",49,54,52,106
"SBUL",50,58,54,112
"SBUL",51,50,52,102
"SBUL",52,44,44,88
"SBUL",53,12,14,26
"SBCX",1,18,17,35
"SBCX",2,19,17,36
"SBCX",3,17,16,33
"SBCX",4,19,14,33
"SBCX",5,17,14,31
"SBCX",6,19,15,34
"SBCX",7,20,17,37
"SBCX",8,14,11,25
"SBCX",9,18,17,35
"SBCX",10,20,19,39
"SBCX",11,19,17,36
"SBCX",12,9,10,19
"SBCX",13,0,0,0
"SBCX",14,0,0,0
"SBCX",15,0,0,0
"SBCX",16,0,0,0
"SBCX",17,0,0,0
"SBCX",18,0,0,0
"SBCX",19,0,0,0
"SBCX",20,0,0,0
"SBCX",21,0,0,0
"SBCX",22,0,0,0
"SBCX",23,0,0,0
"SBCX",24,0,0,0
"SBCX",25,0,0,0
"SBCX",26,0,0,0
"SBCX",27,0,0,0
"SBCX",28,0,0,0
"SBCX",29,0,0,0
"SBCX",30,0,0,0
"SBCX",31,0,0,0
"SBCX",32,0,0,0
"SBCX",33,0,0,0
"SBCX",34,1,1,2
"SBCX",35,1,1,2
"SBCX",36,3,3,6
"SBCX",37,3,3,6
"SBCX",38,3,3,6
"SBCX",39,3,3,6
"SBCX",40,2,2,4
"SBCX",41,5,4,9
"SBCX",42,3,3,6
"SBCX",43,3,3,6
"SBCX",44,4,4,8
"SBCX",45,4,4,8
"SBCX",46,4,4,8
"SBCX",47,4,4,8
"SBCX",48,5,5,10
"SBCX",49,5,5,10
"SBCX",50,6,6,12
"SBCX",51,5,5,10
"SBCX",52,4,4,8
"SBCX",53,1,1,2
"SBTC",1,0,0,0
"SBTC",2,0,0,0
"SBTC",3,3,3,6
"SBTC",4,3,3,6
"SBTC",5,1,1,2
"SBTC",6,5,5,10
"SBTC",7,3,3,6
"SBTC",8,2,2,4
"SBTC",9,8,8,16
"SBTC",10,6,6,12
"SBTC",11,4,4,8
"SBTC",12,0,0,0
"SBTC",13,0,0,0
"SBTC",14,0,0,0
"SBTC",15,0,0,0
"SBTC",16,0,0,0
"SBTC",17,0,0,0
"SBTC",18,0,0,0
"SBTC",19,0,0,0
"SBTC",20,0,0,0
"SBTC",21,0,0,0
"SBTC",22,0,0,0
"SBTC",23,0,0,0
"SBTC",24,0,0,0
"SBTC",25,0,0,0
"SBTC",26,0,0,0
"SBTC",27,0,0,0
"SBTC",28,0,0,0
"SBTC",29,0,0,0
"SBTC",30,0,0,0
"SBTC",31,0,0,0
"SBTC",32,0,0,0
"SBTC",33,0,0,0
"SBTC",34,0,0,0
"SBTC",35,0,0,0
"SBTC",36,0,0,0
"SBTC",37,0,0,0
"SBTC",38,0,0,0
"SBTC",39,0,0,0
"SBTC",40,0,0,0
"SBTC",41,0,0,0
"SBTC",42,0,0,0
"SBTC",43,0,0,0
"SBTC",44,0,0,0
"SBTC",45,0,0,0
"SBTC",46,0,0,0
"SBTC",47,0,0,0
"SBTC",48,0,0,0
"SBTC",49,0,0,0
"SBTC",50,0,0,0
"SBTC",51,0,0,0
"SBTC",52,0,0,0
"SBTC",53,0,0,0
"SBAF",1,0,0,0
"SBAF",2,0,0,0
"SBAF",3,0,0,0
"SBAF",4,0,0,0
"SBAF",5,0,0,0
"SBAF",6,0,0,0
"SBAF",7,0,0,0
"SBAF",8,0,0,0
"SBAF",9,0,0,0
"SBAF",10,0,0,0
"SBAF",11,0,0,0
"SBAF",12,0,0,0
"SBAF",13,0,0,0
"SBAF",14,0,0,0
"SBAF",15,0,0,0
"SBAF",16,0,0,0
"SBAF",17,0,0,0
"SBAF",18,0,0,0
"SBAF",19,0,0,0
"SBAF",20,0,0,0
"SBAF",21,0,0,0
"SBAF",22,0,0,0
"SBAF",23,0,0,0
"SBAF",24,0,0,0
"SBAF",25,0,0,0
"SBAF",26,0,0,0
"SBAF",27,0,0,0
"SBAF",28,0,0,0
"SBAF",29,0,0,0
"SBAF",30,0,0,0
"SBAF",31,0,0,0
"SBAF",32,0,0,0
"SBAF",33,0,0,0
"SBAF",34,0,0,0
"SBAF",35,0,0,0
"SBAF",36,0,0,0
"SBAF",37,0,0,0
"SBAF",38,0,0,0
"SBAF",39,0,0,0
"SBAF",40,0,0,0
"SBAF",41,0,0,0
"SBAF",42,0,0,0
"SBAF",43,0,0,0
"SBAF",44,0,0,0
"SBAF",45,0,0,0
"SBAF",46,0,0,0
"SBAF",47,0,0,0
"SBAF",48,0,0,0
"SBAF",49,0,0,0
"SBAF",50,0,0,0
"SBAF",51,0,0,0
"SBAF",52,0,0,0
"SBAF",53,0,0,0
"SBAM",1,0,0,0
"SBAM",2,0,0,0
"SBAM",3,0,0,0
"SBAM",4,0,0,0
"SBAM",5,0,0,0
"SBAM",6,0,0,0
"SBAM",7,0,0,0
"SBAM",8,0,0,0
"SBAM",9,0,0,0
"SBAM",10,0,0,0
"SBAM",11,0,0,0
"SBAM",12,0,0,0
"SBAM",13,0,0,0
"SBAM",14,0,0,0
"SBAM",15,0,0,0
"SBAM",16,0,0,0
"SBAM",17,0,0,0
"SBAM",18,0,0,0
"SBAM",19,0,0,0
"SBAM",20,0,0,0
"SBAM",21,0,0,0
"SBAM",22,0,0,0
"SBAM",23,0,0,0
"SBAM",24,0,0,0
"SBAM",25,0,0,0
"SBAM",26,0,0,0
"SBAM",27,0,0,0
"SBAM",28,0,0,0
"SBAM",29,0,0,0
"SBAM",30,0,0,0
"SBAM",31,0,0,0
"SBAM",32,0,0,0
"SBAM",33,0,0,0
"SBAM",34,0,0,0
"SBAM",35,0,0,0
"SBAM",36,0,0,0
"SBAM",37,0,0,0
"SBAM",38,0,0,0
"SBAM",39,0,0,0
"SBAM",40,0,0,0
"SBAM",41,0,0,0
"SBAM",42,0,0,0
"SBAM",43,0,0,0
"SBAM",44,0,0,0
"SBAM",45,0,0,0
"SBAM",46,0,0,0
"SBAM",47,0,0,0
"SBAM",48,0,0,0
"SBAM",49,0,0,0
"SBAM",50,0,0,0
"SBAM",51,0,0,0
"SBAM",52,0,0,0
"SBAM",53,0,0,0
"SBBQ",1,0,0,0
"SBBQ",2,0,0,0
"SBBQ",3,0,0,0
"SBBQ",4,0,0,0
"SBBQ",5,0,0,0
"SBBQ",6,0,0,0
"SBBQ",7,0,0,0
"SBBQ",8,0,0,0
"SBBQ",9,0,0,0
"SBBQ",10,0,0,0
"SBBQ",11,0,0,0
"SBBQ",12,0,0,0
"SBBQ",13,0,0,0
"SBBQ",14,0,0,0
"SBBQ",15,0,0,0
"SBBQ",16,0,0,0
"SBBQ",17,0,0,0
"SBBQ",18,0,0,0
"SBBQ",19,0,0,0
"SBBQ",20,0,0,0
"SBBQ",21,0,0,0
"SBBQ",22,0,0,0
"SBBQ",23,0,0,0
"SBBQ",24,0,0,0
"SBBQ",25,0,0,0
"SBBQ",26,0,0,0
"SBBQ",27,0,0,0
"SBBQ",28,0,0,0
"SBBQ",29,0,0,0
"SBBQ",30,0,0,0
"SBBQ",31,0,0,0
"SBBQ",32,0,0,0
"SBBQ",33,0,0,0
"SBBQ",34,0,0,0
"SBBQ",35,0,0,0
"SBBQ",36,0,0,0
"SBBQ",37,0,0,0
"SBBQ",38,0,0,0
"SBBQ",39,0,0,0
"SBBQ",40,0,0,0
"SBBQ",41,0,0,0
"SBBQ",42,0,0,0
"SBBQ",43,0,0,0
"SBBQ",44,0,0,0
"SBBQ",45,0,0,0
"SBBQ",46,0,0,0
"SBBQ",47,0,0,0
"SBBQ",48,0,0,0
"SBBQ",49,0,0,0
"SBBQ",50,0,0,0
"SBBQ",51,0,0,0
"SBBQ",52,0,0,0
"SBBQ",53,0,0,0
"SBCC",1,0,0,0
"SBCC",2,0,0,0
"SBCC",3,0,0,0
"SBCC",4,0,0,0
"SBCC",5,0,0,0
"SBCC",6,0,0,0
"SBCC",7,0,0,0
"SBCC",8,0,0,0
"SBCC",9,0,0,0
"SBCC",10,0,0,0
"SBCC",11,0,0,0
"SBCC",12,0,0,0
"SBCC",13,0,0,0
"SBCC",14,0,0,0
"SBCC",15,0,0,0
"SBCC",16,0,0,0
"SBCC",17,0,0,0
"SBCC",18,0,0,0
"SBCC",19,0,0,0
"SBCC",20,0,0,0
"SBCC",21,0,0,0
"SBCC",22,0,0,0
"SBCC",23,0,0,0
"SBCC",24,0,0,0
"SBCC",25,0,0,0
"SBCC",26,0,0,0
"SBCC",27,0,0,0
"SBCC",28,0,0,0
"SBCC",29,0,0,0
"SBCC",30,0,0,0
"SBCC",31,0,0,0
"SBCC",32,0,0,0
"SBCC",33,0,0,0
"SBCC",34,0,0,0
"SBCC",35,0,0,0
"SBCC",36,0,0,0
"SBCC",37,0,0,0
"SBCC",38,0,0,0
"SBCC",39,0,0,0
"SBCC",40,0,0,0
"SBCC",41,0,0,0
"SBCC",42,0,0,0
"SBCC",43,0,0,0
"SBCC",44,0,0,0
"SBCC",45,0,0,0
"SBCC",46,0,0,0
"SBCC",47,0,0,0
"SBCC",48,0,0,0
"SBCC",49,0,0,0
"SBCC",50,0,0,0
"SBCC",51,0,0,0
"SBCC",52,0,0,0
"SBCC",53,0,0,0
"SBCM",1,0,0,0
"SBCM",2,0,0,0
"SBCM",3,0,0,0
"SBCM",4,0,0,0
"SBCM",5,0,0,0
"SBCM",6,0,0,0
"SBCM",7,0,0,0
"SBCM",8,0,0,0
"SBCM",9,0,0,0
"SBCM",10,0,0,0
"SBCM",11,0,0,0
"SBCM",12,0,0,0
"SBCM",13,0,0,0
"SBCM",14,0,0,0
"SBCM",15,0,0,0
"SBCM",16,0,0,0
"SBCM",17,0,0,0
"SBCM",18,0,0,0
"SBCM",19,0,0,0
"SBCM",20,0,0,0
"SBCM",21,0,0,0
"SBCM",22,0,0,0
"SBCM",23,0,0,0
"SBCM",24,0,0,0
"SBCM",25,0,0,0
"SBCM",26,0,0,0
"SBCM",27,0,0,0
"SBCM",28,0,0,0
"SBCM",29,0,0,0
"SBCM",30,0,0,0
"SBCM",31,0,0,0
"SBCM",32,0,0,0
"SBCM",33,0,0,0
"SBCM",34,0,0,0
"SBCM",35,0,0,0
"SBCM",36,0,0,0
"SBCM",37,0,0,0
"SBCM",38,0,0,0
"SBCM",39,0,0,0
"SBCM",40,0,0,0
"SBCM",41,0,0,0
"SBCM",42,0,0,0
"SBCM",43,0,0,0
"SBCM",44,0,0,0
"SBCM",45,0,0,0
"SBCM",46,0,0,0
"SBCM",47,0,0,0
"SBCM",48,0,0,0
"SBCM",49,0,0,0
"SBCM",50,0,0,0
"SBCM",51,0,0,0
"SBCM",52,0,0,0
"SBCM",53,0,0,0
"SBCO",1,0,0,0
"SBCO",2,0,0,0
"SBCO",3,0,0,0
"SBCO",4,0,0,0
"SBCO",5,0,0,0
"SBCO",6,0,0,0
"SBCO",7,0,0,0
"SBCO",8,0,0,0
"SBCO",9,0,0,0
"SBCO",10,0,0,0
"SBCO",11,0,0,0
"SBCO",12,0,0,0
"SBCO",13,0,0,0
"SBCO",14,0,0,0
"SBCO",15,0,0,0
"SBCO",16,0,0,0
"SBCO",17,0,0,0
"SBCO",18,0,0,0
"SBCO",19,0,0,0
"SBCO",20,0,0,0
"SBCO",21,0,0,0
"SBCO",22,0,0,0
"SBCO",23,0,0,0
"SBCO",24,0,0,0
"SBCO",25,0,0,0
"SBCO",26,0,0,0
"SBCO",27,0,0,0
"SBCO",28,0,0,0
"SBCO",29,0,0,0
"SBCO",30,0,0,0
"SBCO",31,0,0,0
"SBCO",32,0,0,0
"SBCO",33,0,0,0
"SBCO",34,0,0,0
"SBCO",35,0,0,0
"SBCO",36,0,0,0
"SBCO",37,0,0,0
"SBCO",38,0,0,0
"SBCO",39,0,0,0
"SBCO",40,0,0,0
"SBCO",41,0,0,0
"SBCO",42,0,0,0
"SBCO",43,0,0,0
"SBCO",44,0,0,0
"SBCO",45,0,0,0
"SBCO",46,0,0,0
"SBCO",47,0,0,0
"SBCO",48,0,0,0
"SBCO",49,0,0,0
"SBCO",50,0,0,0
"SBCO",51,0,0,0
"SBCO",52,0,0,0
"SBCO",53,0,0,0
"SBCV",1,0,0,0
"SBCV",2,0,0,0
"SBCV",3,0,0,0
"SBCV",4,0,0,0
"SBCV",5,0,0,0
"SBCV",6,0,0,0
"SBCV",7,0,0,0
"SBCV",8,0,0,0
"SBCV",9,0,0,0
"SBCV",10,0,0,0
"SBCV",11,0,0,0
"SBCV",12,0,0,0
"SBCV",13,0,0,0
"SBCV",14,0,0,0
"SBCV",15,0,0,0
"SBCV",16,0,0,0
"SBCV",17,0,0,0
"SBCV",18,0,0,0
"SBCV",19,0,0,0
"SBCV",20,0,0,0
"SBCV",21,0,0,0
"SBCV",22,0,0,0
"SBCV",23,0,0,0
"SBCV",24,0,0,0
"SBCV",25,0,0,0
"SBCV",26,0,0,0
"SBCV",27,0,0,0
"SBCV",28,0,0,0
"SBCV",29,0,0,0
"SBCV",30,0,0,0
"SBCV",31,0,0,0
"SBCV",32,0,0,0
"SBCV",33,0,0,0
"SBCV",34,0,0,0
"SBCV",35,0,0,0
"SBCV",36,0,0,0
"SBCV",37,0,0,0
"SBCV",38,0,0,0
"SBCV",39,0,0,0
"SBCV",40,0,0,0
"SBCV",41,0,0,0
"SBCV",42,0,0,0
"SBCV",43,0,0,0
"SBCV",44,0,0,0
"SBCV",45,0,0,0
"SBCV",46,0,0,0
"SBCV",47,0,0,0
"SBCV",48,0,0,0
"SBCV",49,0,0,0
"SBCV",50,0,0,0
"SBCV",51,0,0,0
"SBCV",52,0,0,0
"SBCV",53,0,0,0
"SBES",1,0,0,0
"SBES",2,0,0,0
"SBES",3,0,0,0
"SBES",4,0,0,0
"SBES",5,0,0,0
"SBES",6,0,0,0
"SBES",7,0,0,0
"SBES",8,0,0,0
"SBES",9,0,0,0
"SBES",10,0,0,0
"SBES",11,0,0,0
"SBES",12,0,0,0
"SBES",13,0,0,0
"SBES",14,0,0,0
"SBES",15,0,0,0
"SBES",16,0,0,0
"SBES",17,0,0,0
"SBES",18,0,0,0
"SBES",19,0,0,0
"SBES",20,0,0,0
"SBES",21,0,0,0
"SBES",22,0,0,0
"SBES",23,0,0,0
"SBES",24,0,0,0
"SBES",25,0,0,0
"SBES",26,0,0,0
"SBES",27,0,0,0
"SBES",28,0,0,0
"SBES",29,0,0,0
"SBES",30,0,0,0
"SBES",31,0,0,0
"SBES",32,0,0,0
"SBES",33,0,0,0
"SBES",34,0,0,0
"SBES",35,0,0,0
"SBES",36,0,0,0
"SBES",37,0,0,0
"SBES",38,0,0,0
"SBES",39,0,0,0
"SBES",40,0,0,0
"SBES",41,0,0,0
"SBES",42,0,0,0
"SBES",43,0,0,0
"SBES",44,0,0,0
"SBES",45,0,0,0
"SBES",46,0,0,0
"SBES",47,0,0,0
"SBES",48,0,0,0
"SBES",49,0,0,0
"SBES",50,0,0,0
"SBES",51,0,0,0
"SBES",52,0,0,0
"SBES",53,0,0,0
"SBFU",1,0,0,0
"SBFU",2,0,0,0
"SBFU",3,0,0,0
"SBFU",4,0,0,0
"SBFU",5,0,0,0
"SBFU",6,0,0,0
"SBFU",7,0,0,0
"SBFU",8,0,0,0
"SBFU",9,0,0,0
"SBFU",10,0,0,0
"SBFU",11,0,0,0
"SBFU",12,0,0,0
"SBFU",13,0,0,0
"SBFU",14,0,0,0
"SBFU",15,0,0,0
"SBFU",16,0,0,0
"SBFU",17,0,0,0
"SBFU",18,0,0,0
"SBFU",19,0,0,0
"SBFU",20,0,0,0
"SBFU",21,0,0,0
"SBFU",22,0,0,0
"SBFU",23,0,0,0
"SBFU",24,0,0,0
"SBFU",25,0,0,0
"SBFU",26,0,0,0
"SBFU",27,0,0,0
"SBFU",28,0,0,0
"SBFU",29,0,0,0
"SBFU",30,0,0,0
"SBFU",31,0,0,0
"SBFU",32,0,0,0
"SBFU",33,0,0,0
"SBFU",34,0,0,0
"SBFU",35,0,0,0
"SBFU",36,0,0,0
"SBFU",37,0,0,0
"SBFU",38,0,0,0
"SBFU",39,0,0,0
"SBFU",40,0,0,0
"SBFU",41,0,0,0
"SBFU",42,0,0,0
"SBFU",43,0,0,0
"SBFU",44,0,0,0
"SBFU",45,0,0,0
"SBFU",46,0,0,0
"SBFU",47,0,0,0
"SBFU",48,0,0,0
"SBFU",49,0,0,0
"SBFU",50,0,0,0
"SBFU",51,0,0,0
"SBFU",52,0,0,0
"SBFU",53,0,0,0
"SBGP",1,0,0,0
"SBGP",2,0,0,0
"SBGP",3,0,0,0
"SBGP",4,0,0,0
"SBGP",5,0,0,0
"SBGP",6,0,0,0
"SBGP",7,0,0,0
"SBGP",8,0,0,0
"SBGP",9,0,0,0
"SBGP",10,0,0,0
"SBGP",11,0,0,0
"SBGP",12,0,0,0
"SBGP",13,0,0,0
"SBGP",14,0,0,0
"SBGP",15,0,0,0
"SBGP",16,0,0,0
"SBGP",17,0,0,0
"SBGP",18,0,0,0
"SBGP",19,0,0,0
"SBGP",20,0,0,0
"SBGP",21,0,0,0
"SBGP",22,0,0,0
"SBGP",23,0,0,0
"SBGP",24,0,0,0
"SBGP",25,0,0,0
"SBGP",26,0,0,0
"SBGP",27,0,0,0
"SBGP",28,0,0,0
"SBGP",29,0,0,0
"SBGP",30,0,0,0
"SBGP",31,0,0,0
"SBGP",32,0,0,0
"SBGP",33,0,0,0
"SBGP",34,0,0,0
"SBGP",35,0,0,0
"SBGP",36,0,0,0
"SBGP",37,0,0,0
"SBGP",38,0,0,0
"SBGP",39,0,0,0
"SBGP",40,0,0,0
"SBGP",41,0,0,0
"SBGP",42,0,0,0
"SBGP",43,0,0,0
"SBGP",44,0,0,0
"SBGP",45,0,0,0
"SBGP",46,0,0,0
"SBGP",47,0,0,0
"SBGP",48,0,0,0
"SBGP",49,0,0,0
"SBGP",50,0,0,0
"SBGP",51,0,0,0
"SBGP",52,0,0,0
"SBGP",53,0,0,0
"SBIT",1,0,0,0
"SBIT",2,0,0,0
"SBIT",3,0,0,0
"SBIT",4,0,0,0
"SBIT",5,0,0,0
"SBIT",6,0,0,0
"SBIT",7,0,0,0
"SBIT",8,0,0,0
"SBIT",9,0,0,0
"SBIT",10,0,0,0
"SBIT",11,0,0,0
"SBIT",12,0,0,0
"SBIT",13,0,0,0
"SBIT",14,0,0,0
"SBIT",15,0,0,0
"SBIT",16,0,0,0
"SBIT",17,0,0,0
"SBIT",18,0,0,0
"SBIT",19,0,0,0
"SBIT",20,0,0,0
"SBIT",21,0,0,0
"SBIT",22,0,0,0
"SBIT",23,0,0,0
"SBIT",24,0,0,0
"SBIT",25,0,0,0
"SBIT",26,0,0,0
"SBIT",27,0,0,0
"SBIT",28,0,0,0
"SBIT",29,0,0,0
"SBIT",30,0,0,0
"SBIT",31,0,0,0
"SBIT",32,0,0,0
"SBIT",33,0,0,0
"SBIT",34,0,0,0
"SBIT",35,0,0,0
"SBIT",36,0,0,0
"SBIT",37,0,0,0
"SBIT",38,0,0,0
"SBIT",39,0,0,0
"SBIT",40,0,0,0
"SBIT",41,0,0,0
"SBIT",42,0,0,0
"SBIT",43,0,0,0
"SBIT",44,0,0,0
"SBIT",45,0,0,0
"SBIT",46,0,0,0
"SBIT",47,0,0,0
"SBIT",48,0,0,0
"SBIT",49,0,0,0
"SBIT",50,0,0,0
"SBIT",51,0,0,0
"SBIT",52,0,0,0
"SBIT",53,0,0,0
"SBJC",1,0,0,0
"SBJC",2,0,0,0
"SBJC",3,0,0,0
"SBJC",4,0,0,0
"SBJC",5,0,0,0
"SBJC",6,0,0,0
"SBJC",7,0,0,0
"SBJC",8,0,0,0
"SBJC",9,0,0,0
"SBJC",10,0,0,0
"SBJC",11,0,0,0
"SBJC",12,0,0,0
"SBJC",13,0,0,0
"SBJC",14,0,0,0
"SBJC",15,0,0,0
"SBJC",16,0,0,0
"SBJC",17,0,0,0
"SBJC",18,3,2,5
"SBJC",19,4,5,9
"SBJC",20,3,4,7
"SBJC",21,1,0,1
"SBJC",22,0,1,1
"SBJC",23,1,1,2
"SBJC",24,1,1,2
"SBJC",25,1,1,2
"SBJC",26,1,1,2
"SBJC",27,2,3,5
"SBJC",28,0,0,0
"SBJC",29,0,0,0
"SBJC",30,0,0,0
"SBJC",31,0,0,0
"SBJC",32,0,0,0
"SBJC",33,0,0,0
"SBJC",34,0,1,1
"SBJC",35,0,0,0
"SBJC",36,0,0,0
"SBJC",37,0,0,0
"SBJC",38,0,0,0
"SBJC",39,0,0,0
"SBJC",40,0,0,0
"SBJC",41,0,0,0
"SBJC",42,0,0,0
"SBJC",43,0,0,0
"SBJC",44,0,0,0
"SBJC",45,1,0,1
"SBJC",46,0,0,0
"SBJC",47,0,0,0
"SBJC",48,0,0,0
"SBJC",49,0,0,0
"SBJC",50,0,0,0
"SBJC",51,0,0,0
"SBJC",52,0,0,0
"SBJC",53,0,0,0
"SBLN",1,0,0,0
"SBLN",2,0,0,0
"SBLN",3,0,0,0
"SBLN",4,0,0,0
"SBLN",5,0,0,0
"SBLN",6,0,0,0
"SBLN",7,0,0,0
"SBLN",8,0,0,0
"SBLN",9,0,0,0
"SBLN",10,0,0,0
"SBLN",11,0,0,0
"SBLN",12,0,0,0
"SBLN",13,0,0,0
"SBLN",14,0,0,0
"SBLN",15,0,0,0
"SBLN",16,0,0,0
"SBLN",17,0,0,0
"SBLN",18,0,0,0
"SBLN",19,0,0,0
"SBLN",20,0,0,0
"SBLN",21,0,0,0
"SBLN",22,0,0,0
"SBLN",23,0,0,0
"SBLN",24,0,0,0
"SBLN",25,0,0,0
"SBLN",26,0,0,0
"SBLN",27,0,0,0
"SBLN",28,0,0,0
"SBLN",29,0,0,0
"SBLN",30,0,0,0
"SBLN",31,0,0,0
"SBLN",32,0,0,0
"SBLN",33,0,0,0
"SBLN",34,0,0,0
"SBLN",35,0,0,0
"SBLN",36,0,0,0
"SBLN",37,0,0,0
"SBLN",38,0,0,0
"SBLN",39,0,0,0
"SBLN",40,0,0,0
"SBLN",41,0,0,0
"SBLN",42,0,0,0
"SBLN",43,0,0,0
"SBLN",44,0,0,0
"SBLN",45,0,0,0
"SBLN",46,0,0,0
"SBLN",47,0,0,0
"SBLN",48,0,0,0
"SBLN",49,0,0,0
"SBLN",50,0,0,0
"SBLN",51,0,0,0
"SBLN",52,0,0,0
"SBLN",53,0,0,0
"SBLS",1,0,0,0
"SBLS",2,0,0,0
"SBLS",3,0,0,0
"SBLS",4,0,0,0
"SBLS",5,0,0,0
"SBLS",6,0,0,0
"SBLS",7,0,0,0
"SBLS",8,0,0,0
"SBLS",9,0,0,0
"SBLS",10,0,0,0
"SBLS",11,0,0,0
"SBLS",12,0,0,0
"SBLS",13,0,0,0
"SBLS",14,0,0,0
"SBLS",15,0,0,0
"SBLS",16,0,0,0
"SBLS",17,0,0,0
"SBLS",18,0,0,0
"SBLS",19,0,0,0
"SBLS",20,0,0,0
"SBLS",21,0,0,0
"SBLS",22,0,0,0
"SBLS",23,0,0,0
"SBLS",24,0,0,0
"SBLS",25,0,0,0
"SBLS",26,0,0,0
"SBLS",27,0,0,0
"SBLS",28,0,0,0
"SBLS",29,0,0,0
"SBLS",30,0,0,0
"SBLS",31,0,0,0
"SBLS",32,0,0,0
"SBLS",33,0,0,0
"SBLS",34,0,0,0
"SBLS",35,0,0,0
"SBLS",36,0,0,0
"SBLS",37,0,0,0
"SBLS",38,0,0,0
"SBLS",39,0,0,0
"SBLS",40,0,0,0
"SBLS",41,0,0,0
"SBLS",42,0,0,0
"SBLS",43,0,0,0
"SBLS",44,0,0,0
"SBLS",45,0,0,0
"SBLS",46,0,0,0
"SBLS",47,0,0,0
"SBLS",48,0,0,0
"SBLS",49,0,0,0
"SBLS",50,0,0,0
"SBLS",51,0,0,0
"SBLS",52,0,0,0
"SBLS",53,0,0,0
"SBMN",1,0,0,0
"SBMN",2,0,0,0
"SBMN",3,0,0,0
"SBMN",4,0,0,0
"SBMN",5,0,0,0
"SBMN",6,0,0,0
"SBMN",7,0,0,0
"SBMN",8,0,0,0
"SBMN",9,0,0,0
"SBMN",10,0,0,0
"SBMN",11,0,0,0
"SBMN",12,0,0,0
"SBMN",13,0,0,0
"SBMN",14,0,0,0
"SBMN",15,0,0,0
"SBMN",16,0,0,0
"SBMN",17,0,0,0
"SBMN",18,0,0,0
"SBMN",19,0,0,0
"SBMN",20,0,0,0
"SBMN",21,0,0,0
"SBMN",22,0,0,0
"SBMN",23,0,0,0
"SBMN",24,0,0,0
"SBMN",25,0,0,0
"SBMN",26,0,0,0
"SBMN",27,0,0,0
"SBMN",28,0,0,0
"SBMN",29,0,0,0
"SBMN",30,0,0,0
"SBMN",31,0,0,0
"SBMN",32,0,0,0
"SBMN",33,0,0,0
"SBMN",34,0,0,0
"SBMN",35,0,0,0
"SBMN",36,0,0,0
"SBMN",37,0,0,0
"SBMN",38,0,0,0
"SBMN",39,0,0,0
"SBMN",40,0,0,0
"SBMN",41,0,0,0
"SBMN",42,0,0,0
"SBMN",43,0,0,0
"SBMN",44,0,0,0
"SBMN",45,0,0,0
"SBMN",46,0,0,0
"SBMN",47,0,0,0
"SBMN",48,0,0,0
"SBMN",49,0,0,0
"SBMN",50,0,0,0
"SBMN",51,0,0,0
"SBMN",52,0,0,0
"SBMN",53,0,0,0
"SBPN",1,0,0,0
"SBPN",2,0,0,0
"SBPN",3,0,0,0
"SBPN",4,0,0,0
"SBPN",5,0,0,0
"SBPN",6,0,0,0
"SBPN",7,0,0,0
"SBPN",8,0,0,0
"SBPN",9,0,0,0
"SBPN",10,0,0,0
"SBPN",11,0,0,0
"SBPN",12,0,0,0
"SBPN",13,0,0,0
"SBPN",14,0,0,0
"SBPN",15,0,0,0
"SBPN",16,0,0,0
"SBPN",17,0,0,0
"SBPN",18,0,0,0
"SBPN",19,0,0,0
"SBPN",20,0,0,0
"SBPN",21,0,0,0
"SBPN",22,0,0,0
"SBPN",23,0,0,0
"SBPN",24,0,0,0
"SBPN",25,0,0,0
"SBPN",26,0,0,0
"SBPN",27,0,0,0
"SBPN",28,0,0,0
"SBPN",29,0,0,0
"SBPN",30,0,0,0
"SBPN",31,0,0,0
"SBPN",32,0,0,0
"SBPN",33,0,0,0
"SBPN",34,0,0,0
"SBPN",35,0,0,0
"SBPN",36,0,0,0
"SBPN",37,0,0,0
"SBPN",38,0,0,0
"SBPN",39,0,0,0
"SBPN",40,0,0,0
"SBPN",41,0,0,0
"SBPN",42,0,0,0
"SBPN",43,0,0,0
"SBPN",44,0,0,0
"SBPN",45,0,0,0
"SBPN",46,0,0,0
"SBPN",47,0,0,0
"SBPN",48,0,0,0
"SBPN",49,0,0,0
"SBPN",50,0,0,0
"SBPN",51,0,0,0
"SBPN",52,0,0,0
"SBPN",53,0,0,0
"SBSC",1,0,0,0
"SBSC",2,0,0,0
"SBSC",3,0,0,0
"SBSC",4,0,0,0
"SBSC",5,0,0,0
"SBSC",6,0,0,0
"SBSC",7,0,0,0
"SBSC",8,0,0,0
"SBSC",9,0,0,0
"SBSC",10,0,0,0
"SBSC",11,0,0,0
"SBSC",12,0,0,0
"SBSC",13,0,0,0
"SBSC",14,0,0,0
"SBSC",15,0,0,0
"SBSC",16,0,0,0
"SBSC",17,0,0,0
"SBSC",18,0,0,0
"SBSC",19,0,0,0
"SBSC",20,0,0,0
"SBSC",21,0,0,0
"SBSC",22,0,0,0
"SBSC",23,0,0,0
"SBSC",24,0,0,0
"SBSC",25,0,0,0
"SBSC",26,0,0,0
"SBSC",27,0,0,0
"SBSC",28,0,0,0
"SBSC",29,0,0,0
"SBSC",30,0,0,0
"SBSC",31,0,0,0
"SBSC",32,0,0,0
"SBSC",33,0,0,0
"SBSC",34,0,0,0
"SBSC",35,0,0,0
"SBSC",36,0,0,0
"SBSC",37,0,0,0
"SBSC",38,0,0,0
"SBSC",39,0,0,0
"SBSC",40,0,0,0
"SBSC",41,0,0,0
"SBSC",42,0,0,0
"SBSC",43,0,0,0
"SBSC",44,0,0,0
"SBSC",45,0,0,0
"SBSC",46,0,0,0
"SBSC",47,0,0,0
"SBSC",48,0,0,0
"SBSC",49,0,0,0
"SBSC",50,0,0,0
"SBSC",51,0,0,0
"SBSC",52,0,0,0
"SBSC",53,0,0,0
"SBST",1,0,0,0
"SBST",2,0,0,0
"SBST",3,0,0,0
"SBST",4,0,0,0
"SBST",5,0,0,0
"SBST",6,0,0,0
"SBST",7,0,0,0
"SBST",8,0,0,0
"SBST",9,0,0,0
"SBST",10,0,0,0
"SBST",11,0,0,0
"SBST",12,0,0,0
"SBST",13,0,0,0
"SBST",14,0,0,0
"SBST",15,0,0,0
"SBST",16,0,0,0
"SBST",17,0,0,0
"SBST",18,0,0,0
"SBST",19,0,0,0
"SBST",20,0,0,0
"SBST",21,0,0,0
"SBST",22,0,0,0
"SBST",23,0,0,0
"SBST",24,0,0,0
"SBST",25,0,0,0
"SBST",26,0,0,0
"SBST",27,0,0,0
"SBST",28,0,0,0
"SBST",29,0,0,0
"SBST",30,0,0,0
"SBST",31,0,0,0
"SBST",32,0,0,0
"SBST",33,0,0,0
"SBST",34,0,0,0
"SBST",35,0,0,0
"SBST",36,0,0,0
"SBST",37,0,0,0
"SBST",38,0,0,0
"SBST",39,0,0,0
"SBST",40,0,0,0
"SBST",41,0,0,0
"SBST",42,0,0,0
"SBST",43,0,0,0
"SBST",44,0,0,0
"SBST",45,0,0,0
"SBST",46,0,0,0
"SBST",47,0,0,0
"SBST",48,0,0,0
"SBST",49,0,0,0
"SBST",50,0,0,0
"SBST",51,0,0,0
"SBST",52,0,0,0
"SBST",53,0,0,0
"SBTL",1,0,0,0
"SBTL",2,0,0,0
"SBTL",3,0,0,0
"SBTL",4,0,0,0
"SBTL",5,0,0,0
"SBTL",6,0,0,0
"SBTL",7,0,0,0
"SBTL",8,0,0,0
"SBTL",9,0,0,0
"SBTL",10,0,0,0
"SBTL",11,0,0,0
"SBTL",12,0,0,0
"SBTL",13,0,0,0
"SBTL",14,0,0,0
"SBTL",15,0,0,0
"SBTL",16,0,0,0
"SBTL",17,0,0,0
"SBTL",18,0,0,0
"SBTL",19,0,0,0
"SBTL",20,0,0,0
"SBTL",21,0,0,0
"SBTL",22,0,0,0
"SBTL",23,0,0,0
"SBTL",24,0,0,0
"SBTL",25,0,0,0
"SBTL",26,0,0,0
"SBTL",27,0,0,0
"SBTL",28,0,0,0
"SBTL",29,0,0,0
"SBTL",30,0,0,0
"SBTL",31,0,0,0
"SBTL",32,0,0,0
"SBTL",33,0,0,0
"SBTL",34,0,0,0
"SBTL",35,0,0,0
"SBTL",36,0,0,0
"SBTL",37,0,0,0
"SBTL",38,0,0,0
"SBTL",39,0,0,0
"SBTL",40,0,0,0
"SBTL",41,0,0,0
"SBTL",42,0,0,0
"SBTL",43,0,0,0
"SBTL",44,0,0,0
"SBTL",45,0,0,0
"SBTL",46,0,0,0
"SBTL",47,0,0,0
"SBTL",48,0,0,0
"SBTL",49,0,0,0
"SBTL",50,0,0,0
"SBTL",51,0,0,0
"SBTL",52,0,0,0
"SBTL",53,0,0,0
"SBTS",1,0,0,0
"SBTS",2,0,0,0
"SBTS",3,0,0,0
"SBTS",4,0,0,0
"SBTS",5,0,0,0
"SBTS",6,0,0,0
"SBTS",7,0,0,0
"SBTS",8,0,0,0
"SBTS",9,0,0,0
"SBTS",10,0,0,0
"SBTS",11,0,0,0
"SBTS",12,0,0,0
"SBTS",13,0,0,0
"SBTS",14,0,0,0
"SBTS",15,0,0,0
"SBTS",16,0,0,0
"SBTS",17,0,0,0
"SBTS",18,0,0,0
"SBTS",19,0,0,0
"SBTS",20,0,0,0
"SBTS",21,0,0,0
"SBTS",22,0,0,0
"SBTS",23,0,0,0
"SBTS",24,0,0,0
"SBTS",25,0,0,0
"SBTS",26,0,0,0
"SBTS",27,0,0,0
"SBTS",28,0,0,0
"SBTS",29,0,0,0
"SBTS",30,0,0,0
"SBTS",31,0,0,0
"SBTS",32,0,0,0
"SBTS",33,0,0,0
"SBTS",34,0,0,0
"SBTS",35,0,0,0
"SBTS",36,0,0,0
"SBTS",37,0,0,0
"SBTS",38,0,0,0
"SBTS",39,0,0,0
"SBTS",40,0,0,0
"SBTS",41,0,0,0
"SBTS",42,0,0,0
"SBTS",43,0,0,0
"SBTS",44,0,0,0
"SBTS",45,0,0,0
"SBTS",46,0,0,0
"SBTS",47,0,0,0
"SBTS",48,0,0,0
"SBTS",49,0,0,0
"SBTS",50,0,0,0
"SBTS",51,0,0,0
"SBTS",52,0,0,0
"SBTS",53,0,0,0
"SBYA",1,0,0,0
"SBYA",2,0,0,0
"SBYA",3,0,0,0
"SBYA",4,0,0,0
"SBYA",5,0,0,0
"SBYA",6,0,0,0
"SBYA",7,0,0,0
"SBYA",8,0,0,0
"SBYA",9,0,0,0
"SBYA",10,0,0,0
"SBYA",11,0,0,0
"SBYA",12,0,0,0
"SBYA",13,0,0,0
"SBYA",14,0,0,0
"SBYA",15,0,0,0
"SBYA",16,0,0,0
"SBYA",17,0,0,0
"SBYA",18,0,0,0
"SBYA",19,0,0,0
"SBYA",20,0,0,0
"SBYA",21,0,0,0
"SBYA",22,0,0,0
"SBYA",23,0,0,0
"SBYA",24,0,0,0
"SBYA",25,0,0,0
"SBYA",26,0,0,0
"SBYA",27,0,0,0
"SBYA",28,0,0,0
"SBYA",29,0,0,0
"SBYA",30,0,0,0
"SBYA",31,0,0,0
"SBYA",32,0,0,0
"SBYA",33,0,0,0
"SBYA",34,0,0,0
"SBYA",35,0,0,0
"SBYA",36,0,0,0
"SBYA",37,0,0,0
"SBYA",38,0,0,0
"SBYA",39,0,0,0
"SBYA",40,0,0,0
"SBYA",41,0,0,0
"SBYA",42,0,0,0
"SBYA",43,0,0,0
"SBYA",44,0,0,0
"SBYA",45,0,0,0
"SBYA",46,0,0,0
"SBYA",47,0,0,0
"SBYA",48,0,0,0
"SBYA",49,0,0,0
"SBYA",50,0,0,0
"SBYA",51,0,0,0
"SBYA",52,0,0,0
"SBYA",53,0,0,0
"SBYS",1,0,0,0
"SBYS",2,0,0,0
"SBYS",3,0,0,0
"SBYS",4,0,0,0
"SBYS",5,0,0,0
"SBYS",6,0,0,0
"SBYS",7,0,0,0
"SBYS",8,0,0,0
"SBYS",9,0,0,0
"SBYS",10,0,0,0
"SBYS",11,0,0,0
"SBYS",12,0,0,0
"SBYS",13,0,0,0
"SBYS",14,0,0,0
"SBYS",15,0,0,0
"SBYS",16,0,0,0
"SBYS",17,0,0,0
"SBYS",18,0,0,0
"SBYS",19,0,0,0
"SBYS",20,0,0,0
"SBYS",21,0,0,0
"SBYS",22,0,0,0
"SBYS",23,0,0,0
"SBYS",24,0,0,0
"SBYS",25,0,0,0
"SBYS",26,0,0,0
"SBYS",27,0,0,0
"SBYS",28,0,0,0
"SBYS",29,0,0,0
"SBYS",30,0,0,0
"SBYS",31,0,0,0
"SBYS",32,0,0,0
"SBYS",33,0,0,0
"SBYS",34,0,0,0
"SBYS",35,0,0,0
"SBYS",36,0,0,0
"SBYS",37,0,0,0
"SBYS",38,0,0,0
"SBYS",39,0,0,0
"SBYS",40,0,0,0
"SBYS",41,0,0,0
"SBYS",42,0,0,0
"SBYS",43,0,0,0
"SBYS",44,0,0,0
"SBYS",45,0,0,0
"SBYS",46,0,0,0
"SBYS",47,0,0,0
"SBYS",48,0,0,0
"SBYS",49,0,0,0
"SBYS",50,0,0,0
"SBYS",51,0,0,0
"SBYS",52,0,0,0
"SBYS",53,0,0,0
"SBQV",1,0,0,0
"SBQV",2,0,0,0
"SBQV",3,0,0,0
"SBQV",4,0,0,0
"SBQV",5,0,0,0
"SBQV",6,0,0,0
"SBQV",7,0,0,0
"SBQV",8,0,0,0
"SBQV",9,0,0,0
"SBQV",10,0,0,0
"SBQV",11,0,0,0
"SBQV",12,0,0,0
"SBQV",13,0,0,0
"SBQV",14,0,0,0
"SBQV",15,0,0,0
"SBQV",16,0,0,0
"SBQV",17,0,0,0
"SBQV",18,0,0,0
"SBQV",19,0,0,0
"SBQV",20,0,0,0
"SBQV",21,0,0,0
"SBQV",22,0,0,0
"SBQV",23,0,0,0
"SBQV",24,0,0,0
"SBQV",25,0,0,0
"SBQV",26,0,0,0
"SBQV",27,0,0,0
"SBQV",28,0,0,0
"SBQV",29,0,0,0
"SBQV",30,0,0,0
"SBQV",31,0,0,0
"SBQV",32,0,0,0
"SBQV",33,0,0,0
"SBQV",34,0,0,0
"SBQV",35,0,0,0
"SBQV",36,0,0,0
"SBQV",37,0,0,0
"SBQV",38,0,0,0
"SBQV",39,0,0,0
"SBQV",40,0,0,0
"SBQV",41,0,0,0
"SBQV",42,0,0,0
"SBQV",43,0,0,0
"SBQV",44,0,0,0
"SBQV",45,0,0,0
"SBQV",46,0,0,0
"SBQV",47,0,0,0
"SBQV",48,0,0,0
"SBQV",49,0,0,0
"SBQV",50,0,0,0
"SBQV",51,0,0,0
"SBQV",52,0,0,0
"SBQV",53,0,0,0
"SBMC",1,0,0,0
"SBMC",2,0,0,0
"SBMC",3,0,0,0
"SBMC",4,0,0,0
"SBMC",5,0,0,0
"SBMC",6,0,0,0
"SBMC",7,0,0,0
"SBMC",8,0,0,0
"SBMC",9,0,0,0
"SBMC",10,0,0,0
"SBMC",11,0,0,0
"SBMC",12,0,0,0
"SBMC",13,0,0,0
"SBMC",14,0,0,0
"SBMC",15,0,0,0
"SBMC",16,0,0,0
"SBMC",17,0,0,0
"SBMC",18,0,0,0
"SBMC",19,0,0,0
"SBMC",20,0,0,0
"SBMC",21,0,0,0
"SBMC",22,0,0,0
"SBMC",23,0,0,0
"SBMC",24,0,0,0
"SBMC",25,0,0,0
"SBMC",26,0,0,0
"SBMC",27,0,0,0
"SBMC",28,0,0,0
"SBMC",29,0,0,0
"SBMC",30,0,0,0
"SBMC",31,0,0,0
"SBMC",32,0,0,0
"SBMC",33,0,0,0
"SBMC",34,0,0,0
"SBMC",35,0,0,0
"SBMC",36,0,0,0
"SBMC",37,0,0,0
"SBMC",38,0,0,0
"SBMC",39,0,0,0
"SBMC",40,0,0,0
"SBMC",41,0,0,0
"SBMC",42,0,0,0
"SBMC",43,0,0,0
"SBMC",44,0,0,0
"SBMC",45,0,0,0
"SBMC",46,0,0,0
"SBMC",47,0,0,0
"SBMC",48,0,0,0
"SBMC",49,0,0,0
"SBMC",50,0,0,0
"SBMC",51,0,0,0
"SBMC",52,0,0,0
"SBMC",53,0,0,0
"SBGU",1,1,1,2
"SBGU",2,1,1,2
"SBGU",3,0,0,0
"SBGU",4,0,0,0
"SBGU",5,0,0,0
"SBGU",6,0,0,0
"SBGU",7,0,0,0
"SBGU",8,0,0,0
"SBGU",9,0,0,0
"SBGU",10,0,0,0
"SBGU",11,1,1,2
"SBGU",12,0,0,0
"SBGU",13,0,0,0
"SBGU",14,0,0,0
"SBGU",15,0,0,0
"SBGU",16,0,0,0
"SBGU",17,0,0,0
"SBGU",18,0,0,0
"SBGU",19,0,0,0
"SBGU",20,0,0,0
"SBGU",21,0,0,0
"SBGU",22,0,0,0
"SBGU",23,0,0,0
"SBGU",24,0,0,0
"SBGU",25,0,0,0
"SBGU",26,0,0,0
"SBGU",27,0,0,0
"SBGU",28,0,0,0
"SBGU",29,0,0,0
"SBGU",30,0,0,0
"SBGU",31,0,0,0
"SBGU",32,0,0,0
"SBGU",33,0,0,0
"SBGU",34,0,0,0
"SBGU",35,0,0,0
"SBGU",36,0,0,0
"SBGU",37,0,0,0
"SBGU",38,0,0,0
"SBGU",39,0,0,0
"SBGU",40,0,0,0
"SBGU",41,0,0,0
"SBGU",42,0,0,0
"SBGU",43,0,0,0
"SBGU",44,0,0,0
"SBGU",45,0,0,0
"SBGU",46,0,0,0
"SBGU",47,0,0,0
"SBGU",48,0,0,0
"SBGU",49,0,0,0
"SBGU",50,0,0,0
"SBGU",51,0,0,0
"SBGU",52,0,0,0
"SBGU",53,0,0,0
"SBAN",1,0,0,0
"SBAN",2,0,0,0
"SBAN",3,0,0,0
"SBAN",4,0,0,0
"SBAN",5,0,0,0
"SBAN",6,0,0,0
"SBAN",7,0,0,0
"SBAN",8,0,0,0
"SBAN",9,0,0,0
"SBAN",10,0,0,0
"SBAN",11,0,0,0
"SBAN",12,0,0,0
"SBAN",13,0,0,0
"SBAN",14,0,0,0
"SBAN",15,0,0,0
"SBAN",16,0,0,0
"SBAN",17,0,0,0
"SBAN",18,0,0,0
"SBAN",19,0,0,0
"SBAN",20,0,0,0
"SBAN",21,0,0,0
"SBAN",22,0,0,0
"SBAN",23,0,0,0
"SBAN",24,0,0,0
"SBAN",25,0,0,0
"SBAN",26,0,0,0
"SBAN",27,0,0,0
"SBAN",28,0,0,0
"SBAN",29,0,0,0
"SBAN",30,0,0,0
"SBAN",31,0,0,0
"SBAN",32,0,0,0
"SBAN",33,0,0,0
"SBAN",34,0,0,0
"SBAN",35,0,0,0
"SBAN",36,0,0,0
"SBAN",37,0,0,0
"SBAN",38,0,0,0
"SBAN",39,0,0,0
"SBAN",40,0,0,0
"SBAN",41,0,0,0
"SBAN",42,0,0,0
"SBAN",43,0,0,0
"SBAN",44,0,0,0
"SBAN",45,0,0,0
"SBAN",46,0,0,0
"SBAN",47,0,0,0
"SBAN",48,0,0,0
"SBAN",49,0,0,0
"SBAN",50,0,0,0
"SBAN",51,0,0,0
"SBAN",52,0,0,0
"SBAN",53,0,0,0
"SBBZ",1,0,0,0
"SBBZ",2,0,0,0
"SBBZ",3,0,0,0
"SBBZ",4,0,0,0
"SBBZ",5,0,0,0
"SBBZ",6,0,0,0
"SBBZ",7,0,0,0
"SBBZ",8,0,0,0
"SBBZ",9,0,0,0
"SBBZ",10,0,0,0
"SBBZ",11,0,0,0
"SBBZ",12,0,0,0
"SBBZ",13,0,0,0
"SBBZ",14,0,0,0
"SBBZ",15,0,0,0
"SBBZ",16,0,0,0
"SBBZ",17,0,0,0
"SBBZ",18,0,0,0
"SBBZ",19,0,0,0
"SBBZ",20,0,0,0
"SBBZ",21,0,0,0
"SBBZ",22,0,0,0
"SBBZ",23,0,0,0
"SBBZ",24,0,0,0
"SBBZ",25,0,0,0
"SBBZ",26,0,0,0
"SBBZ",27,0,0,0
"SBBZ",28,0,0,0
"SBBZ",29,0,0,0
"SBBZ",30,0,0,0
"SBBZ",31,0,0,0
"SBBZ",32,0,0,0
"SBBZ",33,0,0,0
"SBBZ",34,0,0,0
"SBBZ",35,0,0,0
"SBBZ",36,0,0,0
"SBBZ",37,0,0,0
"SBBZ",38,0,0,0
"SBBZ",39,0,0,0
"SBBZ",40,0,0,0
"SBBZ",41,0,0,0
"SBBZ",42,0,0,0
"SBBZ",43,0,0,0
"SBBZ",44,0,0,0
"SBBZ",45,0,0,0
"SBBZ",46,0,0,0
"SBBZ",47,0,0,0
"SBBZ",48,0,0,0
"SBBZ",49,0,0,0
"SBBZ",50,0,0,0
"SBBZ",51,0,0,0
"SBBZ",52,0,0,0
"SBBZ",53,0,0,0
"SBBT",1,0,0,0
"SBBT",2,0,0,0
"SBBT",3,0,0,0
"SBBT",4,0,0,0
"SBBT",5,0,0,0
"SBBT",6,0,0,0
"SBBT",7,0,0,0
"SBBT",8,0,0,0
"SBBT",9,0,0,0
"SBBT",10,0,0,0
"SBBT",11,0,0,0
"SBBT",12,0,0,0
"SBBT",13,0,0,0
"SBBT",14,0,0,0
"SBBT",15,0,0,0
"SBBT",16,0,0,0
"SBBT",17,0,0,0
"SBBT",18,0,0,0
"SBBT",19,0,0,0
"SBBT",20,0,0,0
"SBBT",21,0,0,0
"SBBT",22,0,0,0
"SBBT",23,0,0,0
"SBBT",24,0,0,0
"SBBT",25,0,0,0
"SBBT",26,0,0,0
"SBBT",27,0,0,0
"SBBT",28,0,0,0
"SBBT",29,0,0,0
"SBBT",30,0,0,0
"SBBT",31,0,0,0
"SBBT",32,0,0,0
"SBBT",33,0,0,0
"SBBT",34,0,0,0
"SBBT",35,0,0,0
"SBBT",36,0,0,0
"SBBT",37,0,0,0
"SBBT",38,0,0,0
"SBBT",39,0,0,0
"SBBT",40,0,0,0
"SBBT",41,0,0,0
"SBBT",42,0,0,0
"SBBT",43,0,0,0
"SBBT",44,0,0,0
"SBBT",45,0,0,0
"SBBT",46,0,0,0
"SBBT",47,0,0,0
"SBBT",48,0,0,0
"SBBT",49,0,0,0
"SBBT",50,0,0,0
"SBBT",51,0,0,0
"SBBT",52,0,0,0
"SBBT",53,0,0,0
"SBTA",1,0,0,0
"SBTA",2,0,0,0
"SBTA",3,0,0,0
"SBTA",4,0,0,0
"SBTA",5,0,0,0
"SBTA",6,0,0,0
"SBTA",7,0,0,0
"SBTA",8,0,0,0
"SBTA",9,0,0,0
"SBTA",10,0,0,0
"SBTA",11,0,0,0
"SBTA",12,0,0,0
"SBTA",13,0,0,0
"SBTA",14,0,0,0
"SBTA",15,0,0,0
"SBTA",16,0,0,0
"SBTA",17,0,0,0
"SBTA",18,0,0,0
"SBTA",19,0,0,0
"SBTA",20,0,0,0
"SBTA",21,0,0,0
"SBTA",22,0,0,0
"SBTA",23,0,0,0
"SBTA",24,0,0,0
"SBTA",25,0,0,0
"SBTA",26,0,0,0
"SBTA",27,0,0,0
"SBTA",28,0,0,0
"SBTA",29,0,0,0
"SBTA",30,0,0,0
"SBTA",31,0,0,0
"SBTA",32,0,0,0
"SBTA",33,0,0,0
"SBTA",34,0,0,0
"SBTA",35,0,0,0
"SBTA",36,0,0,0
"SBTA",37,0,0,0
"SBTA",38,0,0,0
"SBTA",39,0,0,0
"SBTA",40,0,0,0
"SBTA",41,0,0,0
"SBTA",42,0,0,0
"SBTA",43,0,0,0
"SBTA",44,0,0,0
"SBTA",45,0,0,0
"SBTA",46,0,0,0
"SBTA",47,0,0,0
"SBTA",48,0,0,0
"SBTA",49,0,0,0
"SBTA",50,0,0,0
"SBTA",51,0,0,0
"SBTA",52,0,0,0
"SBTA",53,0,0,0
